sa2_code,sa2_name,dhb,ta,dose1_cnt,dose2_cnt,pop_cnt,dose1_uptake,dose2_uptake
100100,North Cape,Northland,Far North District,1255,1143,1520,826,752
100200,Rangaunu Harbour,Northland,Far North District,1483,1232,1896,782,650
100300,Inlets Far North District,Northland,Far North District,5 or less,5 or less,masked,>950,>950
100400,Karikari Peninsula,Northland,Far North District,1027,881,1322,777,666
100500,Tangonge,Northland,Far North District,778,681,953,816,715
100600,Ahipara,Northland,Far North District,817,677,1041,785,650
100700,Kaitaia East,Northland,Far North District,1515,1151,1979,766,582
100800,Kaitaia West,Northland,Far North District,2266,1741,2933,773,594
100900,Rangitihi,Northland,Far North District,606,481,784,773,614
101000,Oruru-Parapara,Northland,Far North District,597,482,807,740,597
101100,Taumarumaru,Northland,Far North District,1866,1675,2199,849,762
101200,Herekino-Takahue,Northland,Far North District,601,490,841,715,583
101300,Peria,Northland,Far North District,691,553,1030,671,537
101400,Taemaro-Oruaiti,Northland,Far North District,636,555,842,755,659
101500,Whakapaku,Northland,Far North District,442,384,639,692,601
101600,Hokianga North,Northland,Far North District,577,500,741,779,675
101700,Kohukohu-Broadwood,Northland,Far North District,520,449,676,769,664
101800,Whakarara,Northland,Far North District,854,761,1076,794,707
101900,Kaeo,Northland,Far North District,720,620,1003,718,618
102000,Omahuta Forest-Horeke,Northland,Far North District,630,496,946,666,524
102100,Hokianga South,Northland,Far North District,754,627,1122,672,559
102200,Lake Manuwai-Kapiro,Northland,Far North District,1662,1489,1957,849,761
102300,Okaihau,Northland,Far North District,786,661,985,798,671
102400,Rangitane-Purerua,Northland,Far North District,1008,872,1230,820,709
102500,Waipapa,Northland,Far North District,564,503,680,829,740
102600,Puketotara,Northland,Far North District,1324,1166,1556,851,749
102700,Waima Forest,Northland,Far North District,640,480,956,669,502
102800,Riverview,Northland,Far North District,1757,1589,1922,914,827
102900,Waipoua Forest,Northland,Far North District,755,632,1112,679,568
103000,Kerikeri Central,Northland,Far North District,2020,1797,2313,873,777
103100,Kerikeri South,Northland,Far North District,2164,1981,2455,881,807
103200,Ohaeawai-Waimate North,Northland,Far North District,857,746,1049,817,711
103300,Puketona-Waitangi,Northland,Far North District,1035,933,1252,827,745
103400,Ngapuhi,Northland,Far North District,906,718,1244,728,577
103500,Kaikohe,Northland,Far North District,2491,2007,3540,704,567
103600,Pakaraka,Northland,Far North District,428,371,533,803,696
103700,Haruru,Northland,Far North District,818,743,994,823,747
103800,Russell,Northland,Far North District,669,632,758,883,834
103900,Paihia,Northland,Far North District,1228,1102,1465,838,752
104000,Mataraua Forest,Northland,Far North District,327,245,452,723,542
104100,Matawaia-Taumarere,Northland,Far North District,859,706,1217,706,580
104200,Russell Peninsula,Northland,Far North District,481,447,598,804,747
104300,Opua (Far North District),Northland,Far North District,976,895,1149,849,779
104400,Russell Forest-Rawhiti,Northland,Far North District,475,425,607,783,700
104500,Moerewa,Northland,Far North District,1009,833,1332,758,625
104600,Kawakawa,Northland,Far North District,932,781,1201,776,650
104700,Maromaku,Northland,Far North District,419,342,578,725,592
104800,Mangakahia-Hukerenui,Northland,Whangarei District,1169,953,1525,767,625
104900,Whangaruru,Northland,Whangarei District,1743,1494,2125,820,703
105100,Matarau,Northland,Whangarei District,2343,2094,2739,855,765
105200,Hikurangi,Northland,Whangarei District,932,775,1197,779,647
105300,Kauri,Northland,Whangarei District,1276,1141,1502,850,760
105400,Maungatapere,Northland,Whangarei District,2527,2257,3001,842,752
105500,Kamo West,Northland,Whangarei District,1622,1477,1891,858,781
105600,Matapouri-Tutukaka,Northland,Whangarei District,1357,1230,1589,854,774
105700,Kiripaka,Northland,Whangarei District,717,626,873,821,717
105800,Kamo East,Northland,Whangarei District,2024,1719,2427,834,708
105900,Granfield Reserve,Northland,Whangarei District,2545,2322,2828,900,821
106000,Kamo Central,Northland,Whangarei District,1189,1024,1364,872,751
106100,Whau Valley,Northland,Whangarei District,2101,1888,2505,839,754
106200,Tikipunga North,Northland,Whangarei District,2369,2039,2764,857,738
106300,Pukenui,Northland,Whangarei District,1755,1640,1976,888,830
106400,Otangarei,Northland,Whangarei District,1202,885,1729,695,512
106500,Tikipunga South,Northland,Whangarei District,2675,2319,3164,845,733
106600,Kensington (Whangarei District),Northland,Whangarei District,2579,2326,2928,881,794
106700,Abbey Caves-Glenbervie,Northland,Whangarei District,1009,925,1168,864,792
106800,Mairtown,Northland,Whangarei District,1879,1706,2155,872,792
106900,Maunu-Horahora,Northland,Whangarei District,2608,2374,2986,873,795
107000,Woodhill-Vinetown,Northland,Whangarei District,2096,1856,2471,848,751
107100,Whangarei Central,Northland,Whangarei District,835,755,957,873,789
107200,Riverside,Northland,Whangarei District,1571,1393,1872,839,744
107300,Raumanga,Northland,Whangarei District,2025,1605,2672,758,601
107400,Tarewa,Northland,Whangarei District,1115,895,1506,740,594
107500,Morningside (Whangarei District),Northland,Whangarei District,1599,1325,1930,828,687
107600,Ngunguru,Northland,Whangarei District,915,830,1047,874,793
107700,Otaika-Portland,Northland,Whangarei District,918,822,1146,801,717
107800,Oakleigh-Mangapai,Northland,Whangarei District,1643,1481,1954,841,758
107900,Port-Limeburners,Northland,Whangarei District,155,134,186,833,720
108000,Pataua,Northland,Whangarei District,1166,1016,1442,809,705
108100,Onerahi Park,Northland,Whangarei District,1209,1095,1380,876,793
108200,Sherwood Rise,Northland,Whangarei District,1705,1490,2027,841,735
108300,Onerahi,Northland,Whangarei District,1660,1426,2095,792,681
108400,Inlet Whangarei Harbour,Northland,Whangarei District,10,8,17,588,471
108500,Parua Bay,Northland,Whangarei District,1980,1805,2217,893,814
108600,Bream Bay,Northland,Whangarei District,1551,1366,1840,843,742
108700,Marsden Bay,Northland,Whangarei District,2082,1943,2273,916,855
108800,Ruakaka,Northland,Whangarei District,2044,1812,2337,875,775
108900,Bream Head,Northland,Whangarei District,1073,989,1218,881,812
109000,Waipu,Northland,Whangarei District,2302,2082,2694,854,773
109100,Kaipara Coastal,Northland,Kaipara District,2379,2008,3153,755,637
109200,Maungaru,Northland,Kaipara District,1191,1020,1510,789,675
109300,Dargaville,Northland,Kaipara District,3319,2857,4255,780,671
109400,Ruawai-Matakohe,Northland,Kaipara District,1717,1512,2100,818,720
109500,Otamatea (Kaipara District),Northland,Kaipara District,1145,989,1518,754,652
109600,Maungaturoto,Northland,Kaipara District,858,741,1036,828,715
109700,Kaiwaka,Northland,Kaipara District,1505,1273,1981,760,643
109800,Mangawhai Rural,Northland,Kaipara District,1705,1500,2178,783,689
109900,Mangawhai Heads,Northland,Kaipara District,1809,1651,2112,857,782
110100,Mangawhai,Northland,Kaipara District,819,734,949,863,773
110200,Okahukura Peninsula,Waitemata,Auckland,1057,921,1283,824,718
110400,Cape Rodney,Waitemata,Auckland,2562,2337,3078,832,759
110500,Wellsford,Waitemata,Auckland,1323,1165,1608,823,725
110700,South Head,Waitemata,Auckland,1877,1692,2192,856,772
110800,Kaipara Hills,Waitemata,Auckland,1413,1225,1698,832,721
110900,Dome Valley-Matakana,Waitemata,Auckland,1221,1117,1385,882,806
111100,Warkworth West,Waitemata,Auckland,1980,1840,2184,907,842
111200,Puhoi Valley,Waitemata,Auckland,2857,2622,3271,873,802
111300,Warkworth East,Waitemata,Auckland,2760,2563,3023,913,848
111400,Sandspit,Waitemata,Auckland,780,731,899,868,813
111500,Tawharanui Peninsula,Waitemata,Auckland,1750,1645,1869,936,880
111600,Te Kuru,Waitemata,Auckland,1836,1674,2040,900,821
111700,Snells Beach,Waitemata,Auckland,2738,2504,3089,886,811
111800,Barrier Islands,Auckland,Auckland,667,624,845,789,738
111900,Algies Bay-Scotts Landing,Waitemata,Auckland,915,853,1092,838,781
112100,Wainui-Waiwera,Waitemata,Auckland,1370,1257,1568,874,802
112200,Parakai,Waitemata,Auckland,748,670,871,859,769
112300,Helensville Rural,Waitemata,Auckland,1189,1091,1343,885,812
112400,Helensville,Waitemata,Auckland,2050,1814,2335,878,777
112500,Waitoki,Waitemata,Auckland,1262,1160,1397,903,830
112600,Waikoukou Valley,Waitemata,Auckland,1271,1165,1419,896,821
112700,Orewa North,Waitemata,Auckland,3926,3759,4179,939,899
112800,Hatfields Beach,Waitemata,Auckland,1194,1111,1307,914,850
112900,Orewa South,Waitemata,Auckland,3159,3009,3367,938,894
113000,Orewa Central,Waitemata,Auckland,2727,2578,2968,919,869
113100,Millwater North,Waitemata,Auckland,2824,2683,3060,923,877
113200,Waipatukahu,Waitemata,Auckland,1009,919,1151,877,798
113300,Millwater South,Waitemata,Auckland,2866,2690,3017,950,892
113400,Dairy Flat North,Waitemata,Auckland,1807,1617,2032,889,796
113500,Dairy Flat West,Waitemata,Auckland,1137,1037,1265,899,820
113600,Kingsway,Waitemata,Auckland,1834,1714,2006,914,854
113700,Riverhead Forest,Waitemata,Auckland,5 or less,5 or less,masked,>950,>950
113800,Silverdale Central (Auckland),Waitemata,Auckland,380,347,409,929,848
113900,Red Beach West,Waitemata,Auckland,2156,2043,2404,897,850
114000,Red Beach East,Waitemata,Auckland,3155,2936,3406,926,862
114100,Silverdale South (Auckland),Waitemata,Auckland,1530,1408,1699,901,829
114200,Waimauku,Waitemata,Auckland,1038,968,1128,920,858
114300,Gulf Islands,Waitemata,Auckland,43,46,57,754,807
114300,Gulf Islands,Auckland,Auckland,47,46,57,825,807
114300,Gulf Islands,Counties Manukau,Auckland,47,46,57,825,807
114400,Vipond,Waitemata,Auckland,2252,2089,2460,915,849
114500,Muriwai,Waitemata,Auckland,836,790,940,889,840
114600,Stanmore Bay West,Waitemata,Auckland,1982,1817,2202,900,825
114700,Kumeu Rural West,Waitemata,Auckland,1327,1223,1473,901,830
114800,Okura Bush,Waitemata,Auckland,1065,974,1186,898,821
114900,Whangaparoa Central,Waitemata,Auckland,3369,3108,3679,916,845
115000,Kumeu-Huapai,Waitemata,Auckland,3693,3459,3912,944,884
115100,Stanmore Bay East,Waitemata,Auckland,2086,1910,2338,892,817
115200,Manly West,Waitemata,Auckland,1852,1700,2067,896,822
115300,Muriwai Valley-Bethells Beach,Waitemata,Auckland,781,718,908,860,791
115400,Tindalls-Matakatia,Waitemata,Auckland,1602,1500,1784,898,841
115500,Coatesville,Waitemata,Auckland,1774,1667,1979,896,842
115600,Dairy Flat South,Waitemata,Auckland,1288,1209,1427,903,847
115700,Gulf Harbour North,Waitemata,Auckland,2321,2193,2501,928,877
115800,Manly East,Waitemata,Auckland,2747,2577,3101,886,831
115900,Riverhead,Waitemata,Auckland,2284,2145,2454,931,874
116000,Army Bay,Waitemata,Auckland,1203,1123,1322,910,849
116100,Kumeu Rural East,Waitemata,Auckland,1915,1758,2176,880,808
116200,Gulf Harbour South,Waitemata,Auckland,2303,2162,2531,910,854
116300,Paremoremo West,Waitemata,Auckland,724,659,803,902,821
116400,Taupaki,Waitemata,Auckland,1315,1212,1479,889,819
116500,Long Bay,Waitemata,Auckland,masked,1806,1976,>950,914
116600,Paremoremo East,Waitemata,Auckland,1643,1508,1817,904,830
116700,Albany Heights,Waitemata,Auckland,masked,2740,3021,>950,907
116800,Awaruku,Waitemata,Auckland,3473,3283,3711,936,885
116900,Fairview Heights,Waitemata,Auckland,3140,2942,3305,950,890
117000,Whenuapai,Waitemata,Auckland,masked,3888,4458,>950,872
117100,Waitakere Ranges North,Waitemata,Auckland,958,862,1074,892,803
117200,Torbay,Waitemata,Auckland,3492,3274,3773,926,868
117300,Albany Central,Waitemata,Auckland,masked,917,1023,>950,896
117400,Albany West,Waitemata,Auckland,masked,2238,2443,>950,916
117500,Glamorgan,Waitemata,Auckland,masked,2390,2637,>950,906
117600,Oteha East,Waitemata,Auckland,2443,2327,2582,946,901
117700,Northcross,Waitemata,Auckland,masked,2522,2776,>950,909
117800,Oteha West,Waitemata,Auckland,masked,1548,1661,>950,932
117900,Waiake,Waitemata,Auckland,3101,2897,3276,947,884
118000,Waitakere,Waitemata,Auckland,1509,1388,1678,899,827
118100,Albany South,Waitemata,Auckland,2840,2686,3003,946,894
118200,Browns Bay South West,Waitemata,Auckland,3359,3151,3585,937,879
118300,Browns Bay Central,Waitemata,Auckland,2484,2337,2665,932,877
118400,Schnapper Rock,Waitemata,Auckland,masked,3001,3283,>950,914
118500,Pinehill ,Waitemata,Auckland,masked,3662,3957,>950,925
118600,North Harbour,Waitemata,Auckland,758,709,843,899,841
118700,Browns Bay South East,Waitemata,Auckland,masked,2234,2464,>950,907
118800,Westgate Central,Waitemata,Auckland,masked,24,30,>950,800
118900,Greenhithe West,Waitemata,Auckland,2949,2789,3138,940,889
119000,Rothesay Bay,Waitemata,Auckland,2437,2305,2566,950,898
119100,Greenhithe East,Waitemata,Auckland,masked,2364,2594,>950,911
119200,Hobsonville,Waitemata,Auckland,1196,1116,1261,948,885
119300,Inlet Waitemata Harbour,Waitemata,Auckland,5 or less,5 or less,masked,>950,750
119300,Inlet Waitemata Harbour,Area outside District Health Board,Auckland,5 or less,5 or less,masked,<50,<50
119300,Inlet Waitemata Harbour,Auckland,Auckland,5 or less,5 or less,masked,<50,<50
119400,Greenhithe South,Waitemata,Auckland,1717,1614,1812,948,891
119500,Murrays Bay West,Waitemata,Auckland,masked,2069,2249,>950,920
119600,Westgate South,Waitemata,Auckland,1759,1628,1898,927,858
119700,Windsor Park,Waitemata,Auckland,1385,1307,1507,919,867
119800,West Harbour West,Waitemata,Auckland,2968,2656,3286,903,808
119900,Unsworth Heights West,Waitemata,Auckland,masked,1861,2059,>950,904
120000,Murrays Bay East,Waitemata,Auckland,1833,1747,1959,936,892
120100,Birdwood West,Waitemata,Auckland,634,563,704,901,800
120200,Hobsonville Point,Waitemata,Auckland,masked,6603,7053,>950,936
120300,West Harbour Clearwater Cove,Waitemata,Auckland,3575,3367,3790,943,888
120300,West Harbour Clearwater Cove,Area outside District Health Board,Auckland,3575,3367,3790,943,888
120400,Unsworth Heights East,Waitemata,Auckland,masked,2827,3179,>950,889
120500,Mairangi Bay North,Waitemata,Auckland,2437,2291,2589,941,885
120600,Massey Central,Waitemata,Auckland,2399,2132,2671,898,798
120700,West Harbour Luckens Point,Waitemata,Auckland,2252,2106,2415,933,872
120800,Mairangi Bay South,Waitemata,Auckland,masked,2232,2463,>950,906
120900,Massey Royal Road West,Waitemata,Auckland,2276,2032,2420,940,840
121000,Bayview East,Waitemata,Auckland,masked,2592,2852,>950,909
121100,Swanson Rural,Waitemata,Auckland,1802,1618,2018,893,802
121200,Sunnynook South,Waitemata,Auckland,masked,1928,2094,>950,921
121300,Sunnynook North,Waitemata,Auckland,masked,2175,2329,>950,934
121400,Bayview West,Waitemata,Auckland,masked,1659,1877,>950,884
121500,Totara Vale North,Waitemata,Auckland,masked,2355,2530,>950,931
121600,Royal Heights North,Waitemata,Auckland,2946,2697,3239,910,833
121700,Massey West,Waitemata,Auckland,1282,1159,1408,911,823
121800,Beach Haven West,Waitemata,Auckland,2561,2397,2759,928,869
121900,Totara Vale South,Waitemata,Auckland,masked,2930,3192,>950,918
122000,Swanson,Waitemata,Auckland,2254,2076,2384,945,871
122100,Bayview South,Waitemata,Auckland,masked,2236,2476,>950,903
122200,Campbells Bay,Waitemata,Auckland,masked,2322,2547,>950,912
122300,Royal Heights South,Waitemata,Auckland,2760,2513,3069,899,819
122400,Beach Haven East,Waitemata,Auckland,2835,2559,3130,906,818
122500,Massey East,Waitemata,Auckland,2696,2369,2965,909,799
122600,Forrest Hill North,Waitemata,Auckland,masked,1859,1971,>950,943
122700,Glenfield North,Waitemata,Auckland,masked,2558,2734,>950,936
122800,Birkdale North,Waitemata,Auckland,masked,2965,3369,>950,880
122900,Massey South,Waitemata,Auckland,3336,3024,3677,907,822
123000,Ranui North,Waitemata,Auckland,2840,2462,3201,887,769
123100,Glenfield West,Waitemata,Auckland,masked,2380,2549,>950,934
123200,Te Atatu Peninsula North West,Waitemata,Auckland,2401,2230,2610,920,854
123300,Glenfield South West,Waitemata,Auckland,masked,2923,3193,>950,915
123400,Forrest Hill West,Waitemata,Auckland,masked,3198,3501,>950,913
123500,Wairau Valley ,Waitemata,Auckland,204,186,230,887,809
123600,Forrest Hill East,Waitemata,Auckland,masked,2730,2913,>950,937
123700,Castor Bay,Waitemata,Auckland,masked,3682,4052,>950,909
123800,Ranui Domain,Waitemata,Auckland,2509,2178,2850,880,764
123900,Beach Haven South,Waitemata,Auckland,2519,2380,2656,948,896
124000,Glenfield Central,Waitemata,Auckland,masked,3130,3329,>950,940
124100,Piha,Waitemata,Auckland,721,661,836,862,791
124200,Ranui South West,Waitemata,Auckland,2028,1820,2229,910,817
124300,Henderson Larnoch,Waitemata,Auckland,3178,2815,3436,925,819
124400,Birkdale South,Waitemata,Auckland,masked,3346,3744,>950,894
124500,Te Atatu Peninsula Central,Waitemata,Auckland,2484,2258,2744,905,823
124600,Glenfield East,Waitemata,Auckland,masked,1766,1863,>950,948
124700,Henderson Valley,Waitemata,Auckland,1100,996,1223,899,814
124800,Te Atatu Peninsula West,Waitemata,Auckland,2887,2623,3089,935,849
124900,Henderson Lincoln West,Waitemata,Auckland,2499,2252,2710,922,831
125000,Ranui South East,Waitemata,Auckland,2167,1984,2382,910,833
125100,Henderson Lincoln East,Waitemata,Auckland,193,170,204,946,833
125200,Birkenhead West,Waitemata,Auckland,masked,3608,3970,>950,909
125300,Te Atatu Peninsula East,Waitemata,Auckland,2444,2277,2610,936,872
125400,Milford West,Waitemata,Auckland,2447,2338,2612,937,895
125500,Westlake,Waitemata,Auckland,masked,2301,2504,>950,919
125600,Hillcrest North (Auckland),Waitemata,Auckland,masked,2734,2990,>950,914
125700,Henderson Lincoln South,Waitemata,Auckland,1949,1804,2110,924,855
125800,Hillcrest West (Auckland),Waitemata,Auckland,masked,2445,2713,>950,901
125900,Milford Central,Waitemata,Auckland,1730,1653,1828,946,904
126000,Summerland South,Waitemata,Auckland,2575,2438,2755,935,885
126100,Summerland North,Waitemata,Auckland,2103,1972,2227,944,885
126200,Hillcrest East (Auckland),Waitemata,Auckland,masked,2999,3278,>950,915
126300,Chatswood,Waitemata,Auckland,2853,2717,3015,946,901
126400,Te Atatu South-Edmonton,Waitemata,Auckland,2823,2581,3127,903,825
126500,Birkenhead North,Waitemata,Auckland,2277,2161,2400,949,900
126600,Takapuna West,Waitemata,Auckland,masked,3661,4030,>950,908
126700,Henderson North,Waitemata,Auckland,3048,2770,3352,909,826
126800,Takapuna Central,Waitemata,Auckland,2134,2037,2359,905,864
126900,Western Heights (Auckland),Waitemata,Auckland,3542,3287,3803,931,864
127000,Te Atatu South-Central,Waitemata,Auckland,3359,3115,3551,946,877
127100,Northcote Central (Auckland),Waitemata,Auckland,1604,1482,1705,941,869
127200,Akoranga,Waitemata,Auckland,masked,995,1100,>950,905
127300,Northcote South (Auckland),Waitemata,Auckland,masked,1951,2143,>950,910
127400,Birkenhead South,Waitemata,Auckland,masked,2432,2659,>950,915
127500,Henderson Central,Waitemata,Auckland,1174,1059,1304,900,812
127600,Waiatarua,Waitemata,Auckland,1733,1611,1859,932,867
127700,Te Atatu South-McLeod North,Waitemata,Auckland,2681,2429,2909,922,835
127800,Henderson Valley Park,Waitemata,Auckland,1519,1334,1692,898,788
127900,Henderson North East,Waitemata,Auckland,2088,1894,2310,904,820
128000,Waitakere Ranges South,Waitemata,Auckland,824,731,954,864,766
128100,Northcote Tuff Crater,Waitemata,Auckland,masked,1722,1851,>950,930
128200,Northcote Point (Auckland),Waitemata,Auckland,masked,2357,2559,>950,921
128300,McLaren Park,Waitemata,Auckland,3169,2834,3558,891,797
128400,Henderson East,Waitemata,Auckland,2176,1989,2367,919,840
128500,Te Atatu South-McLeod South,Waitemata,Auckland,2873,2635,3125,919,843
128600,Takapuna South,Waitemata,Auckland,1288,1225,1365,944,897
128700,Rosebank Peninsula,Auckland,Auckland,masked,masked,46,>950,>950
128800,Hauraki,Waitemata,Auckland,3413,3249,3595,949,904
128900,Glendene North,Waitemata,Auckland,3660,3320,4026,909,825
129000,Sunnyvale West-Parrs Park,Waitemata,Auckland,1948,1730,2174,896,796
129100,Sunnyvale East,Waitemata,Auckland,3723,3378,4128,902,818
129200,Point Chevalier West,Auckland,Auckland,3212,3047,3430,936,888
129300,Belmont (Auckland),Waitemata,Auckland,masked,2218,2458,>950,902
129400,Bayswater,Waitemata,Auckland,2236,2134,2372,943,900
129400,Bayswater,Area outside District Health Board,Auckland,2240,2134,2372,944,900
129500,Glendene South,Waitemata,Auckland,2320,2123,2516,922,844
129600,Glen Eden West,Waitemata,Auckland,2825,2551,3126,904,816
129700,Herne Bay,Auckland,Auckland,2572,2469,2721,945,907
129800,Westmere North,Auckland,Auckland,1968,1912,2085,944,917
129900,Point Chevalier East,Auckland,Auckland,masked,3597,3861,>950,932
130000,Oratia,Waitemata,Auckland,1698,1555,1847,919,842
130100,Glen Eden Rosier,Waitemata,Auckland,2692,2438,2924,921,834
130200,Saint Marys Bay,Area outside District Health Board,Auckland,1763,1698,1903,926,892
130200,Saint Marys Bay,Auckland,Auckland,1758,1698,1903,924,892
130300,Westmere South-Western Springs,Auckland,Auckland,masked,2394,2583,>950,927
130400,Ponsonby West,Auckland,Auckland,masked,1823,2002,>950,911
130500,Kelston North,Waitemata,Auckland,2206,2015,2395,921,841
130600,Avondale Rosebank ,Auckland,Auckland,3488,3202,3788,921,845
130700,Narrow Neck,Waitemata,Auckland,masked,3433,3759,>950,913
130800,Glen Eden North,Waitemata,Auckland,2066,1865,2178,949,856
130900,Glen Eden Woodglen,Waitemata,Auckland,3276,2992,3586,914,834
131000,Kelston South,Waitemata,Auckland,2019,1800,2173,929,828
131100,Waterview,Auckland,Auckland,2980,2738,3136,950,873
131200,Ponsonby East,Auckland,Auckland,2770,2666,2962,935,900
131300,Wynyard-Viaduct,Auckland,Auckland,1155,1101,1219,947,903
131400,Stanley Point,Waitemata,Auckland,masked,1467,1570,>950,934
131500,Glen Eden Central,Waitemata,Auckland,2698,2502,2923,923,856
131600,Grey Lynn North,Auckland,Auckland,masked,2420,2643,>950,916
131700,Avondale West (Auckland),Auckland,Auckland,3211,2904,3418,939,850
131800,Freemans Bay,Auckland,Auckland,3630,3470,3952,919,878
131900,Mount Albert West,Auckland,Auckland,masked,2052,2298,>950,893
132000,Avondale North (Auckland),Auckland,Auckland,masked,3422,3864,>950,886
132100,Grey Lynn West,Auckland,Auckland,2465,2340,2643,933,885
132200,Mount Albert North,Auckland,Auckland,masked,3013,3316,>950,909
132300,New Lynn North,Waitemata,Auckland,2581,2357,2730,945,863
132400,Victoria Park ,Auckland,Auckland,masked,masked,2292,>950,>950
132500,Konini,Waitemata,Auckland,2774,2625,2982,930,880
132600,New Lynn North West,Waitemata,Auckland,2514,2344,2674,940,877
132700,Hobson Ridge North,Auckland,Auckland,masked,masked,2022,>950,>950
132800,Grey Lynn Central,Auckland,Auckland,2959,2820,3119,949,904
132900,Fruitvale,Waitemata,Auckland,masked,2175,2453,>950,887
133000,Devonport,Waitemata,Auckland,2946,2824,3124,943,904
133100,Avondale Central (Auckland),Auckland,Auckland,masked,2256,2545,>950,886
133200,Queen Street,Auckland,Auckland,masked,1550,1655,>950,937
133300,Quay Street-Customs Street,Auckland,Auckland,masked,masked,1914,>950,>950
133400,Hobson Ridge Central,Auckland,Auckland,masked,masked,2194,>950,>950
133500,Grey Lynn East,Auckland,Auckland,masked,1618,1747,>950,926
133600,Morningside (Auckland),Auckland,Auckland,3264,3058,3436,950,890
133700,Shortland Street,Auckland,Auckland,masked,1564,1745,>950,896
133800,Hobson Ridge South,Auckland,Auckland,masked,masked,1312,>950,>950
133900,New Lynn Central,Waitemata,Auckland,masked,463,521,>950,889
134000,Cheltenham,Waitemata,Auckland,1751,1704,1860,941,916
134100,Queen Street South West,Auckland,Auckland,masked,masked,1443,>950,>950
134200,Mount Albert Central,Auckland,Auckland,masked,2941,3142,>950,936
134300,Karangahape,Auckland,Auckland,masked,1975,2107,>950,937
134400,Kingsland,Auckland,Auckland,masked,2652,2958,>950,897
134500,Anzac Avenue,Auckland,Auckland,masked,masked,2629,>950,>950
134600,Waima-Woodlands Park,Waitemata,Auckland,2004,1888,2161,927,874
134700,Kaurilands,Waitemata,Auckland,masked,2393,2683,>950,892
134800,Auckland-University,Auckland,Auckland,masked,masked,81,>950,>950
134900,New Lynn Seabrook,Waitemata,Auckland,2316,2128,2495,928,853
135000,Avondale South (Auckland),Auckland,Auckland,masked,3188,3550,>950,898
135100,Symonds Street North West,Auckland,Auckland,masked,masked,1903,>950,>950
135200,Mount Albert South,Auckland,Auckland,masked,2030,2204,>950,921
135300,Symonds Street West,Auckland,Auckland,masked,masked,2100,>950,>950
135400,West Lynn,Waitemata,Auckland,2447,2304,2618,935,880
135500,Owairaka West,Auckland,Auckland,masked,2255,2435,>950,926
135600,New Lynn Central South,Waitemata,Auckland,2473,2287,2603,950,879
135700,The Strand,Auckland,Auckland,masked,masked,1304,>950,>950
135800,St Lukes,Auckland,Auckland,1791,1683,1900,943,886
135900,Symonds Street East,Auckland,Auckland,masked,masked,1900,>950,>950
136000,Eden Terrace,Auckland,Auckland,masked,3948,4250,>950,929
136100,Grafton,Auckland,Auckland,masked,1425,1533,>950,930
136200,Eden Park,Auckland,Auckland,masked,1329,1454,>950,914
136300,Sandringham North,Auckland,Auckland,masked,3042,3252,>950,935
136400,Parnell West,Auckland,Auckland,3926,3708,4132,950,897
136500,New Lynn South,Waitemata,Auckland,masked,3342,3752,>950,891
136600,New Windsor North,Auckland,Auckland,2783,2622,2953,942,888
136700,Titirangi South,Waitemata,Auckland,3148,2997,3407,924,880
136800,Owairaka East,Auckland,Auckland,masked,1480,1620,>950,914
136900,Eden Valley,Auckland,Auckland,masked,1817,2020,>950,900
137000,Sandringham Central,Auckland,Auckland,masked,1880,2081,>950,903
137100,Glenavon,Auckland,Auckland,2296,2095,2532,907,827
137200,Blockhouse Bay North,Auckland,Auckland,3162,2976,3356,942,887
137300,Green Bay North,Waitemata,Auckland,1474,1382,1574,936,878
137400,Parnell East,Auckland,Auckland,2988,2872,3175,941,905
137500,Laingholm,Waitemata,Auckland,1811,1680,1967,921,854
137600,Sandringham West,Auckland,Auckland,masked,1897,2062,>950,920
137700,Mount Eden North East,Auckland,Auckland,masked,1033,1139,>950,907
137800,Mount Eden North,Auckland,Auckland,2853,2719,3042,938,894
137900,Wesley West,Auckland,Auckland,2557,2264,2862,893,791
138000,Green Bay South,Waitemata,Auckland,2434,2305,2579,944,894
138100,Balmoral,Auckland,Auckland,masked,2595,2808,>950,924
138200,Sandringham East,Auckland,Auckland,masked,2695,2914,>950,925
138300,New Windsor South,Auckland,Auckland,3593,3322,3822,940,869
138400,Mount Eden West,Auckland,Auckland,masked,2703,2890,>950,935
138500,Newmarket,Auckland,Auckland,masked,3386,3569,>950,949
138600,Blockhouse Bay North East,Auckland,Auckland,masked,1783,1989,>950,896
138700,Epsom North,Auckland,Auckland,masked,2850,3153,>950,904
138800,Wesley South,Auckland,Auckland,masked,49,65,>950,754
138900,Blockhouse Bay South,Auckland,Auckland,masked,3533,3885,>950,909
139000,Mount Eden East,Auckland,Auckland,masked,2457,2677,>950,918
139100,Wesley East,Auckland,Auckland,1610,1429,1758,916,813
139200,Orakei West,Auckland,Auckland,2414,2315,2633,917,879
139300,Maungawhau,Auckland,Auckland,masked,2339,2487,>950,940
139400,Remuera West,Auckland,Auckland,2408,2294,2584,932,888
139500,Blockhouse Bay East,Auckland,Auckland,2115,2032,2265,934,897
139600,Lynfield North,Auckland,Auckland,masked,2705,2927,>950,924
139700,Mount Roskill North,Auckland,Auckland,3102,2927,3305,939,886
139800,Mount Roskill White Swan,Auckland,Auckland,masked,3701,4046,>950,915
139900,Mount Eden South,Auckland,Auckland,masked,3173,3438,>950,923
140000,Remuera Waitaramoa,Auckland,Auckland,3500,3379,3692,948,915
140100,Orakei East,Auckland,Auckland,2235,2072,2461,908,842
140200,Epsom Central-North,Auckland,Auckland,3333,3191,3519,947,907
140300,Mount St John,Auckland,Auckland,3093,2914,3394,911,859
140400,Mount Roskill Central North,Auckland,Auckland,masked,2553,2813,>950,908
140500,Remuera North,Auckland,Auckland,2999,2892,3175,945,911
140600,Three Kings West,Auckland,Auckland,1756,1609,1884,932,854
140700,Mount Roskill Central South,Auckland,Auckland,1658,1488,1801,921,826
140800,Epsom Central-South,Auckland,Auckland,masked,3317,3645,>950,910
140900,Lynfield South,Auckland,Auckland,masked,3658,4008,>950,913
141000,Remuera South,Auckland,Auckland,masked,3284,3559,>950,923
141100,Mission Bay,Auckland,Auckland,3653,3504,3998,914,876
141200,Three Kings East,Auckland,Auckland,1265,1206,1337,946,902
141300,Mount Roskill South,Auckland,Auckland,masked,2499,2731,>950,915
141400,Inlet Manukau Harbour,Area outside District Health Board,Auckland,5 or less,5 or less,masked,<50,<50
141400,Inlet Manukau Harbour,Counties Manukau,Auckland,5 or less,5 or less,masked,<50,<50
141500,Epsom East,Auckland,Auckland,masked,2217,2443,>950,907
141600,Remuera Waiata,Auckland,Auckland,masked,2489,2682,>950,928
141700,Epsom South,Auckland,Auckland,masked,1943,2114,>950,919
141800,Kohimarama,Auckland,Auckland,3585,3478,3833,935,907
141900,Meadowbank West,Auckland,Auckland,masked,2280,2452,>950,930
142000,Hillsborough North (Auckland),Auckland,Auckland,3280,3120,3459,948,902
142100,Hillsborough West (Auckland),Auckland,Auckland,masked,2941,3222,>950,913
142200,Greenlane North,Auckland,Auckland,masked,3614,3867,>950,935
142300,Waikowhai North,Auckland,Auckland,2738,2483,2939,932,845
142400,Remuera East,Auckland,Auckland,masked,2236,2418,>950,925
142500,Waikowhai South,Auckland,Auckland,masked,1650,1757,>950,939
142600,Royal Oak West (Auckland),Auckland,Auckland,2185,2058,2364,924,871
142700,Saint Heliers West,Auckland,Auckland,3038,2935,3228,941,909
142800,One Tree Hill,Auckland,Auckland,masked,3372,3770,>950,894
142900,Hillsborough East (Auckland),Auckland,Auckland,masked,1976,2149,>950,919
143000,Saint Heliers North,Auckland,Auckland,3438,3294,3660,939,900
143100,Remuera Abbotts Park,Auckland,Auckland,masked,3083,3334,>950,925
143200,Meadowbank East,Auckland,Auckland,masked,2050,2205,>950,930
143300,Ellerslie Central,Auckland,Auckland,2706,2566,2871,943,894
143400,Royal Oak East (Auckland),Auckland,Auckland,2337,2228,2471,946,902
143500,Saint Heliers South,Auckland,Auckland,3499,3384,3747,934,903
143600,Hillsborough South (Auckland),Auckland,Auckland,2410,2281,2543,948,897
143700,Saint Johns West,Auckland,Auckland,2595,2510,2734,949,918
143800,Greenlane South,Auckland,Auckland,3138,2982,3320,945,898
143900,Remuera Waiatarua,Auckland,Auckland,masked,1891,2048,>950,923
144000,Glendowie North,Auckland,Auckland,masked,masked,3700,>950,>950
144100,Onehunga West,Auckland,Auckland,masked,2959,3276,>950,903
144200,Ellerslie West,Auckland,Auckland,162,155,171,947,906
144300,Onehunga North,Auckland,Auckland,2993,2815,3152,950,893
144400,Ellerslie East,Auckland,Auckland,masked,2315,2528,>950,916
144500,Saint Johns East,Auckland,Auckland,masked,2084,2292,>950,909
144600,Oneroa West,Auckland,Auckland,1111,1017,1209,919,841
144700,Glen Innes West,Auckland,Auckland,3210,2863,3602,891,795
144800,Ellerslie South,Auckland,Auckland,masked,1964,2129,>950,922
144900,Stonefields West,Auckland,Auckland,masked,1683,1834,>950,918
145000,Onehunga Central,Auckland,Auckland,masked,2525,2809,>950,899
145100,Glendowie South,Auckland,Auckland,3667,3495,3861,950,905
145200,Oranga,Auckland,Auckland,2108,1878,2334,903,805
145300,Mount Wellington North West,Auckland,Auckland,masked,2529,2764,>950,915
145400,Panmure Glen Innes Industrial,Auckland,Auckland,315,284,356,885,798
145500,Onehunga-Te Papapa Industrial,Auckland,Auckland,1015,943,1092,929,864
145600,Te Papapa,Auckland,Auckland,2547,2362,2697,944,876
145700,Stonefields East,Auckland,Auckland,1483,1421,1607,923,884
145800,Glen Innes East-Wai O Taiki Bay,Auckland,Auckland,3385,3012,3743,904,805
145900,Penrose,Auckland,Auckland,993,939,1071,927,877
146000,Mount Wellington North East,Auckland,Auckland,masked,1597,1692,>950,944
146100,Mangere Bridge Ambury,Counties Manukau,Auckland,2755,2569,2980,924,862
146200,Mount Wellington Ferndale,Auckland,Auckland,masked,3089,3373,>950,916
146300,Point England,Auckland,Auckland,3352,2886,3905,858,739
146400,Bucklands Beach North,Counties Manukau,Auckland,2469,2386,2666,926,895
146500,Mount Wellington East,Auckland,Auckland,masked,1909,2154,>950,886
146600,Mount Wellington West,Auckland,Auckland,2450,2295,2580,950,890
146700,Panmure West,Auckland,Auckland,masked,227,250,>950,908
146800,Mangere Bridge,Counties Manukau,Auckland,2245,2098,2477,906,847
146900,Oneroa East-Palm Beach,Auckland,Auckland,1023,951,1122,912,848
147000,Tamaki,Auckland,Auckland,3089,2746,3498,883,785
147100,Panmure East,Auckland,Auckland,2736,2533,2884,949,878
147200,Mount Wellington Central,Auckland,Auckland,3991,3749,4208,948,891
147400,Sylvia Park,Auckland,Auckland,91,88,98,929,898
147500,Mangere Mountain View,Counties Manukau,Auckland,3049,2760,3491,873,791
147600,Surfdale,Auckland,Auckland,1605,1461,1759,912,831
147700,Mount Wellington Industrial,Auckland,Auckland,masked,masked,25,>950,>950
147800,Half Moon Bay West,Counties Manukau,Auckland,2356,2261,2541,927,890
147900,Auckland Airport,Counties Manukau,Auckland,462,392,542,852,723
148000,Eastern Beach,Counties Manukau,Auckland,1897,1804,2044,928,883
148100,Sunnyhills West-Pakuranga North,Counties Manukau,Auckland,2622,2503,2778,944,901
148200,Favona North,Counties Manukau,Auckland,2097,1849,2418,867,765
148300,Bucklands Beach Central,Counties Manukau,Auckland,masked,1566,1733,>950,904
148400,Farm Cove,Counties Manukau,Auckland,masked,1976,2153,>950,918
148500,Mangere North,Counties Manukau,Auckland,1550,1335,1816,854,735
148600,Favona West,Counties Manukau,Auckland,2446,2107,2799,874,753
148700,Ostend,Auckland,Auckland,1568,1414,1759,891,804
148800,Half Moon Bay North East,Counties Manukau,Auckland,1738,1669,1857,936,899
148900,Mangere West,Counties Manukau,Auckland,2922,2474,3529,828,701
149000,Pakuranga West,Counties Manukau,Auckland,3396,3144,3610,941,871
149100,Mount Wellington South West,Auckland,Auckland,masked,2063,2368,>950,871
149200,Sunnyhills East,Counties Manukau,Auckland,masked,2681,2960,>950,906
149300,Half Moon Bay South East,Counties Manukau,Auckland,2477,2335,2608,950,895
149400,Favona East,Counties Manukau,Auckland,2878,2562,3286,876,780
149500,Mount Wellington South East,Auckland,Auckland,2245,1970,2513,893,784
149600,Otahuhu Industrial,Counties Manukau,Auckland,masked,masked,42,>950,>950
149700,Bucklands Beach South,Counties Manukau,Auckland,3498,3271,3715,942,880
149800,Pakuranga Central,Counties Manukau,Auckland,2732,2542,2877,950,884
149900,Awhitu,Counties Manukau,Auckland,2105,1902,2437,864,780
150000,Harania North,Counties Manukau,Auckland,2873,2411,3340,860,722
150100,Otahuhu Central,Auckland,Auckland,1340,1202,1464,915,821
150200,Mangere Central,Counties Manukau,Auckland,2660,2321,3114,854,745
150300,Otahuhu North,Auckland,Auckland,2823,2524,3034,930,832
150400,Howick West,Counties Manukau,Auckland,3175,2973,3402,933,874
150500,Pakuranga Heights North West,Counties Manukau,Auckland,2057,1906,2270,906,840
150600,Mellons Bay,Counties Manukau,Auckland,3493,3341,3697,945,904
150700,Pakuranga Heights East,Counties Manukau,Auckland,2403,2236,2543,945,879
150800,Sutton Park,Counties Manukau,Auckland,2755,2407,3184,865,756
150900,Otahuhu East,Auckland,Auckland,1779,1584,1953,911,811
151000,Mangere South,Counties Manukau,Auckland,2707,2389,3096,874,772
151100,Onetangi,Auckland,Auckland,999,906,1110,900,816
151200,Harania South,Counties Manukau,Auckland,2434,2146,2783,875,771
151300,Highland Park (Auckland),Counties Manukau,Auckland,3724,3508,3999,931,877
151400,Otahuhu South West,Auckland,Auckland,2792,2513,3063,912,820
151500,Pakuranga Heights South West,Counties Manukau,Auckland,masked,2459,2776,>950,886
151600,Mangere Mascot,Counties Manukau,Auckland,2758,2372,3200,862,741
151700,Waiheke East,Auckland,Auckland,769,711,894,860,795
151800,Massey Road West,Counties Manukau,Auckland,2657,2325,3126,850,744
151900,Otahuhu South,Auckland,Auckland,2820,2530,3066,920,825
152000,Howick Central,Counties Manukau,Auckland,2834,2671,3046,930,877
152100,Massey Road North,Counties Manukau,Auckland,2536,2261,2816,901,803
152200,Botany Downs West,Counties Manukau,Auckland,2344,2212,2523,929,877
152300,East Tamaki,Counties Manukau,Auckland,masked,337,381,>950,885
152400,Howick East,Counties Manukau,Auckland,2785,2631,2980,935,883
152500,Burswood,Counties Manukau,Auckland,masked,1244,1353,>950,919
152600,Massey Road South,Counties Manukau,Auckland,1332,1167,1537,867,759
152700,Middlemore,Counties Manukau,Auckland,5 or less,5 or less,masked,556,222
152800,Mangere South East,Counties Manukau,Auckland,2999,2689,3342,897,805
152900,Botany Downs East,Counties Manukau,Auckland,masked,1747,1877,>950,931
153000,Grange,Counties Manukau,Auckland,1599,1398,1813,882,771
153100,Golflands,Counties Manukau,Auckland,2072,1980,2182,950,907
153200,Aorere North,Counties Manukau,Auckland,1134,985,1292,878,762
153300,Mangere East,Counties Manukau,Auckland,3088,2789,3273,943,852
153400,Cockle Bay,Counties Manukau,Auckland,masked,3412,3768,>950,906
153500,Otara West,Counties Manukau,Auckland,2187,1797,2757,793,652
153600,Aorere Central,Counties Manukau,Auckland,1650,1495,1817,908,823
153700,Northpark North,Counties Manukau,Auckland,2347,2242,2558,918,876
153800,Somerville,Counties Manukau,Auckland,3716,3564,4025,923,885
153900,Northpark South,Counties Manukau,Auckland,1850,1760,1989,930,885
154000,Papatoetoe North,Counties Manukau,Auckland,masked,3657,4103,>950,891
154100,Dingwall,Counties Manukau,Auckland,masked,2788,3026,>950,921
154200,Aorere South,Counties Manukau,Auckland,3624,3307,3984,910,830
154300,Shelly Park,Counties Manukau,Auckland,2371,2248,2495,950,901
154400,Otara Central,Counties Manukau,Auckland,1925,1606,2338,823,687
154500,Huntington Park,Counties Manukau,Auckland,1620,1539,1740,931,884
154600,Botany Central,Counties Manukau,Auckland,8,6,10,800,600
154700,Botany North,Counties Manukau,Auckland,2213,2098,2404,921,873
154800,Papatoetoe West,Counties Manukau,Auckland,3682,3391,3935,936,862
154900,Papatoetoe Central,Counties Manukau,Auckland,masked,4102,4581,>950,895
155000,Sunkist Bay,Counties Manukau,Auckland,masked,2470,2711,>950,911
155100,Otara East,Counties Manukau,Auckland,2668,2264,3148,848,719
155200,Redcastle,Counties Manukau,Auckland,2020,1900,2212,913,859
155300,Botany East,Counties Manukau,Auckland,masked,1595,1736,>950,919
155400,Botany South,Counties Manukau,Auckland,2348,2241,2487,944,901
155500,Manukau Central,Counties Manukau,Auckland,906,808,1013,894,798
155600,Papatoetoe East,Counties Manukau,Auckland,3588,3307,3779,949,875
155700,Otara South,Counties Manukau,Auckland,2590,2176,3173,816,686
155800,Ferguson,Counties Manukau,Auckland,3022,2513,3689,819,681
155900,Papatoetoe South West,Counties Manukau,Auckland,2838,2598,3090,918,841
156000,Botany Junction,Counties Manukau,Auckland,113,106,138,819,768
156100,Dannemora North,Counties Manukau,Auckland,masked,1982,2181,>950,909
156200,Papatoetoe South,Counties Manukau,Auckland,masked,3214,3577,>950,899
156300,East Tamaki Heights,Counties Manukau,Auckland,2417,2300,2609,926,882
156400,Te Puru,Counties Manukau,Auckland,masked,3242,3534,>950,917
156500,Puhinui North,Counties Manukau,Auckland,masked,2955,3269,>950,904
156600,Dannemora South,Counties Manukau,Auckland,masked,2239,2476,>950,904
156700,Puhinui South,Counties Manukau,Auckland,masked,1916,2113,>950,907
156800,Rongomai West,Counties Manukau,Auckland,1673,1398,2049,816,682
156900,Baverstock,Counties Manukau,Auckland,3299,3148,3542,931,889
157000,Puhinui East,Counties Manukau,Auckland,masked,2062,2313,>950,891
157100,Turanga,Counties Manukau,Auckland,2597,2467,2775,936,889
157200,Rongomai East,Counties Manukau,Auckland,1527,1327,1829,835,726
157300,Ormiston North,Counties Manukau,Auckland,masked,1995,2173,>950,918
157400,Maraetai,Counties Manukau,Auckland,2004,1902,2111,949,901
157500,Chapel Downs,Counties Manukau,Auckland,2677,2471,2871,932,861
157600,Wiri West,Counties Manukau,Auckland,617,515,751,822,686
157700,Clover Park North,Counties Manukau,Auckland,3291,2860,3799,866,753
157800,Mission Heights North,Counties Manukau,Auckland,2864,2721,3034,944,897
157900,Clover Park South,Counties Manukau,Auckland,3172,2912,3457,918,842
158000,Donegal Park,Counties Manukau,Auckland,masked,3313,3595,>950,922
158100,Ormiston South,Counties Manukau,Auckland,masked,masked,5625,>950,>950
158200,Mission Heights South,Counties Manukau,Auckland,masked,2673,2935,>950,911
158300,Hilltop (Auckland),Counties Manukau,Auckland,masked,2812,3185,>950,883
158400,Wiri East,Counties Manukau,Auckland,3070,2634,3714,827,709
158500,Goodwood Heights,Counties Manukau,Auckland,3710,3436,3947,940,871
158600,Ormiston East,Counties Manukau,Auckland,masked,masked,2887,>950,>950
158700,Clendon Park North,Counties Manukau,Auckland,2177,1807,2588,841,698
158800,Burbank,Counties Manukau,Auckland,2651,2272,3154,841,720
158900,Tuscany Heights,Counties Manukau,Auckland,1299,1233,1407,923,876
159000,Totara Heights,Counties Manukau,Auckland,2328,2167,2483,938,873
159100,Homai East,Counties Manukau,Auckland,2640,2389,2920,904,818
159200,Homai West,Counties Manukau,Auckland,3359,2904,3932,854,739
159300,The Gardens (Auckland),Counties Manukau,Auckland,3229,3046,3408,947,894
159400,Clarks Beach,Counties Manukau,Auckland,1096,1017,1156,948,880
159500,Clendon Park West,Counties Manukau,Auckland,2234,1891,2558,873,739
159600,Hillpark North,Counties Manukau,Auckland,1666,1534,1794,929,855
159700,Clendon Park East,Counties Manukau,Auckland,1527,1271,1749,873,727
159800,Karaka Creek,Counties Manukau,Auckland,1173,1103,1247,941,885
159900,Rowandale West,Counties Manukau,Auckland,2345,1955,2777,844,704
160000,Rowandale East,Counties Manukau,Auckland,2723,2407,3157,863,762
160100,Manurewa Central,Counties Manukau,Auckland,2822,2555,3048,926,838
160200,Weymouth North,Counties Manukau,Auckland,3394,2931,3874,876,757
160300,Hillpark South,Counties Manukau,Auckland,2231,2073,2385,935,869
160400,Alfriston,Counties Manukau,Auckland,3160,2942,3475,909,847
160500,Weymouth East,Counties Manukau,Auckland,2572,2233,2998,858,745
160600,Leabank,Counties Manukau,Auckland,3070,2637,3533,869,746
160700,Weymouth South,Counties Manukau,Auckland,2671,2337,3080,867,759
160800,Manurewa East,Counties Manukau,Auckland,2137,1849,2413,886,766
160900,Manurewa South,Counties Manukau,Auckland,2961,2608,3308,895,788
161000,Randwick Park East,Counties Manukau,Auckland,1882,1720,2128,884,808
161100,Wattle Downs West,Counties Manukau,Auckland,2953,2761,3168,932,872
161200,Wattle Downs North,Counties Manukau,Auckland,1617,1321,1947,831,678
161300,Randwick Park West,Counties Manukau,Auckland,2261,1923,2736,826,703
161400,Kingseat-Karaka,Counties Manukau,Auckland,2171,1964,2374,914,827
161500,Wattle Downs East,Counties Manukau,Auckland,1807,1677,1978,914,848
161600,Takanini North,Counties Manukau,Auckland,1805,1597,2037,886,784
161700,Takanini Industrial,Counties Manukau,Auckland,30,31,35,857,886
161800,Conifer Grove West,Counties Manukau,Auckland,masked,2429,2662,>950,912
161900,Conifer Grove East,Counties Manukau,Auckland,1540,1413,1743,884,811
162000,Takanini West,Counties Manukau,Auckland,2016,1793,2221,908,807
162100,Takanini South,Counties Manukau,Auckland,masked,4816,5198,>950,927
162200,Takanini Central,Counties Manukau,Auckland,masked,922,1009,>950,914
162300,Ardmore,Counties Manukau,Auckland,973,892,1055,922,845
162400,Glenbrook,Counties Manukau,Auckland,1792,1635,1966,911,832
162500,Hingaia,Counties Manukau,Auckland,2008,1911,2177,922,878
162600,Takanini South East,Counties Manukau,Auckland,2205,2007,2326,948,863
162700,Kawakawa Bay-Orere,Counties Manukau,Auckland,1434,1338,1591,901,841
162800,Papakura West,Counties Manukau,Auckland,1328,1222,1499,886,815
162900,Clevedon,Counties Manukau,Auckland,1160,1093,1231,942,888
163000,Papakura North,Counties Manukau,Auckland,2811,2518,3162,889,796
163100,Pahurehure,Counties Manukau,Auckland,2518,2358,2679,940,880
163200,Papakura Central,Counties Manukau,Auckland,2450,2190,2721,900,805
163300,Papakura North East,Counties Manukau,Auckland,masked,2608,3000,>950,869
163400,Karaka Lakes,Counties Manukau,Auckland,masked,1798,2004,>950,897
163500,Papakura Kelvin,Counties Manukau,Auckland,2817,2307,3332,845,692
163600,Papakura Massey Park,Counties Manukau,Auckland,1888,1619,2130,886,760
163700,Rosehill,Counties Manukau,Auckland,3016,2647,3352,900,790
163800,Patumahoe,Counties Manukau,Auckland,1748,1645,1846,947,891
163900,Papakura East,Counties Manukau,Auckland,2217,1944,2527,877,769
164000,Opaheke,Counties Manukau,Auckland,2130,1925,2336,912,824
164100,Papakura Industrial,Counties Manukau,Auckland,165,124,181,912,685
164200,Red Hill,Counties Manukau,Auckland,1832,1579,2075,883,761
164300,Drury,Counties Manukau,Auckland,1015,906,1149,883,789
164400,Tamakae,Counties Manukau,Auckland,1799,1629,1952,922,835
164500,Hamilton Estate,Counties Manukau,Auckland,1891,1684,2071,913,813
164600,Drury Rural,Counties Manukau,Auckland,2114,1968,2316,913,850
164700,Waiuku Central,Counties Manukau,Auckland,923,834,1029,897,810
164800,Waiuku East,Counties Manukau,Auckland,1249,1134,1339,933,847
164900,Kendallvale,Counties Manukau,Auckland,778,712,859,906,829
165000,Puni,Counties Manukau,Auckland,1291,1181,1375,939,859
165100,Ramarama,Counties Manukau,Auckland,1809,1680,1936,934,868
165200,Hunua,Counties Manukau,Auckland,1042,970,1164,895,833
165300,Pukekohe North West,Counties Manukau,Auckland,3211,2809,3577,898,785
165400,Anselmi Ridge,Counties Manukau,Auckland,2151,2063,2302,934,896
165500,Pukekohe West,Counties Manukau,Auckland,4392,3882,4712,932,824
165600,Cape Hill,Counties Manukau,Auckland,1113,1036,1174,948,882
165700,Rosa Birch Park,Counties Manukau,Auckland,1601,1505,1717,932,877
165800,Rooseville Park,Counties Manukau,Auckland,1795,1663,1945,923,855
165900,Cloverlea (Auckland),Counties Manukau,Auckland,1874,1758,2006,934,876
166000,Pukekohe Central,Counties Manukau,Auckland,266,236,310,858,761
166100,Pukekohe Hospital,Counties Manukau,Auckland,masked,1126,1265,>950,890
166200,Buckland,Counties Manukau,Auckland,869,804,920,945,874
166300,Bombay Hills,Counties Manukau,Auckland,1476,1384,1650,895,839
166400,Ararimu,Counties Manukau,Auckland,1546,1444,1727,895,836
166500,Colville,Waikato,Thames-Coromandel District,991,841,1325,748,635
166700,Coromandel,Waikato,Thames-Coromandel District,1287,1154,1582,814,729
166900,Mercury Bay North,Waikato,Thames-Coromandel District,1262,1150,1563,807,736
167000,Whitianga North,Waikato,Thames-Coromandel District,1239,1152,1459,849,790
167100,Whitianga South,Waikato,Thames-Coromandel District,3152,2873,3630,868,791
167200,Thames Coast,Waikato,Thames-Coromandel District,1317,1200,1517,868,791
167300,Cooks Beach-Ferry Landing,Waikato,Thames-Coromandel District,360,334,419,859,797
167400,Mercury Bay South,Waikato,Thames-Coromandel District,945,839,1129,837,743
167500,Kauaeranga,Waikato,Thames-Coromandel District,401,367,494,812,743
167600,Thames North,Waikato,Thames-Coromandel District,1515,1382,1730,876,799
167700,Thames Central,Waikato,Thames-Coromandel District,862,773,990,871,781
167800,Thames South,Waikato,Thames-Coromandel District,2531,2278,2948,859,773
167900,Hikuai,Waikato,Thames-Coromandel District,131,114,183,716,623
168000,Totora-Kopu,Waikato,Thames-Coromandel District,667,612,746,894,820
168100,Tairua,Waikato,Thames-Coromandel District,1128,1020,1329,849,767
168200,Pauanui,Waikato,Thames-Coromandel District,745,695,849,878,819
168300,Matatoki-Puriri,Waikato,Thames-Coromandel District,740,641,952,777,673
168400,Whangamata Rural,Waikato,Thames-Coromandel District,320,283,381,840,743
168500,Whangamata,Waikato,Thames-Coromandel District,3117,2838,3586,869,791
168600,Miranda-Pukorokoro,Counties Manukau,Hauraki District,657,596,753,873,792
168700,Hauraki Plains North,Waikato,Hauraki District,797,692,960,830,721
168800,Hauraki Plains East,Waikato,Hauraki District,938,818,1115,841,734
168900,Ngatea,Waikato,Hauraki District,1125,1034,1240,907,834
169000,Hauraki Plains South,Waikato,Hauraki District,910,744,1171,777,635
169100,Paeroa Rural,Waikato,Hauraki District,1261,1105,1625,776,680
169200,Paeroa,Waikato,Hauraki District,3247,2891,3899,833,741
169300,Waihi Rural,Waikato,Hauraki District,1526,1357,1922,794,706
169400,Waihi North,Waikato,Hauraki District,1276,1126,1616,790,697
169500,Waihi East,Waikato,Hauraki District,969,846,1233,786,686
169600,Waihi South,Waikato,Hauraki District,1632,1439,2012,811,715
169700,Aka Aka,Counties Manukau,Waikato District,2205,2037,2431,907,838
169800,Mangatangi,Counties Manukau,Waikato District,751,678,826,909,821
169900,Tuakau Rural,Counties Manukau,Waikato District,1191,1085,1291,923,840
170000,Tuakau North,Counties Manukau,Waikato District,2279,1989,2520,904,789
170100,Onewhero,Counties Manukau,Waikato District,1070,957,1239,864,772
170200,Pokeno Rural,Counties Manukau,Waikato District,1252,1132,1400,894,809
170300,Tuakau South,Counties Manukau,Waikato District,1399,1211,1515,923,799
170400,Port Waikato-Waikaretu,Counties Manukau,Waikato District,489,428,582,840,735
170500,Pokeno,Counties Manukau,Waikato District,3244,3035,3419,949,888
170600,Pukekawa,Counties Manukau,Waikato District,1139,1051,1256,907,837
170700,Maramarua,Waikato,Waikato District,1140,1004,1338,852,750
170800,Rangiriri,Waikato,Waikato District,1210,1075,1431,846,751
170900,Te Akau,Waikato,Waikato District,1399,1221,1602,873,762
170900,Te Akau,Counties Manukau,Waikato District,1399,1221,1602,873,762
171100,Te Kauwhata,Waikato,Waikato District,1189,1056,1391,855,759
171200,Huntly Rural,Waikato,Waikato District,1559,1352,1828,853,740
171300,Waerenga,Waikato,Waikato District,602,541,738,816,733
171400,Huntly West,Waikato,Waikato District,1839,1465,2401,766,610
171500,Huntly East,Waikato,Waikato District,3514,3100,4024,873,770
171600,Raglan,Waikato,Waikato District,2467,2137,3000,822,712
171700,Whitikahu,Waikato,Waikato District,1418,1265,1557,911,812
171800,Te Uku,Waikato,Waikato District,1868,1607,2299,813,699
171900,Taupiri-Lake Kainui,Waikato,Waikato District,1744,1559,2020,863,772
172000,Ngaruawahia North,Waikato,Waikato District,1173,984,1402,837,702
172100,Ngaruawahia Central,Waikato,Waikato District,2060,1766,2480,831,712
172200,Ngaruawahia South,Waikato,Waikato District,1298,1091,1503,864,726
172300,Kainui-Gordonton,Waikato,Waikato District,1254,1131,1372,914,824
172400,Te Kowhai,Waikato,Waikato District,1598,1475,1717,931,859
172500,Whatawhata West,Waikato,Waikato District,323,293,376,859,779
172600,Horotiu,Waikato,Waikato District,418,368,503,831,732
172700,Horsham Downs,Waikato,Waikato District,564,533,625,902,853
172800,Whatawhata East,Waikato,Waikato District,2161,1931,2390,904,808
172900,Rotokauri ,Waikato,Waikato District,774,702,858,902,818
173000,Hamilton Park,Waikato,Waikato District,1179,1077,1288,915,836
173100,Eureka-Tauwhare,Waikato,Waikato District,1526,1393,1668,915,835
173200,Tamahere North,Waikato,Waikato District,3549,3324,3809,932,873
173300,Pukemoremore,Waikato,Waikato District,1856,1673,1975,940,847
173400,Tamahere South,Waikato,Waikato District,1696,1582,1802,941,878
173500,Tahuna-Mangateparu,Waikato,Matamata-Piako District,1087,947,1245,873,761
173600,Mangaiti,Waikato,Matamata-Piako District,858,715,1044,822,685
173700,Tatuanui,Waikato,Matamata-Piako District,955,838,1077,887,778
173800,Tahuroa,Waikato,Matamata-Piako District,1331,1169,1464,909,798
173900,Morrinsville East,Waikato,Matamata-Piako District,3941,3601,4278,921,842
174000,Morrinsville West,Waikato,Matamata-Piako District,2178,1914,2475,880,773
174100,Te Aroha East,Waikato,Matamata-Piako District,1733,1480,2187,792,677
174200,Te Aroha West,Waikato,Matamata-Piako District,1507,1374,1729,872,795
174300,Waihou-Manawaru,Waikato,Matamata-Piako District,757,670,956,792,701
174400,Waitoa-Ngarua,Waikato,Matamata-Piako District,801,692,907,883,763
174500,Richmond Downs-Wardville,Waikato,Matamata-Piako District,841,712,973,864,732
174600,Waharoa-Peria,Waikato,Matamata-Piako District,1095,923,1296,845,712
174700,Okauia,Waikato,Matamata-Piako District,710,624,827,859,755
174800,Hinuera,Waikato,Matamata-Piako District,889,767,1001,888,766
174900,Matamata North,Waikato,Matamata-Piako District,2450,2208,2791,878,791
175000,Matamata South,Waikato,Matamata-Piako District,3994,3624,4503,887,805
175100,Te Poi,Waikato,Matamata-Piako District,551,499,669,824,746
175200,Te Rapa North,Waikato,Hamilton City,114,102,137,832,745
175300,Flagstaff North,Waikato,Hamilton City,masked,2976,3318,>950,897
175400,Rotokauri-Waiwhakareke,Waikato,Hamilton City,masked,609,691,>950,881
175500,Flagstaff South,Waikato,Hamilton City,masked,2581,2816,>950,917
175600,Rototuna North,Waikato,Hamilton City,masked,1399,1544,>950,906
175700,Pukete West,Waikato,Hamilton City,1614,1432,1750,922,818
175800,Flagstaff East,Waikato,Hamilton City,masked,2986,3351,>950,891
175900,Rototuna Central,Waikato,Hamilton City,3808,3543,4027,946,880
176000,Pukete East,Waikato,Hamilton City,masked,1712,1949,>950,878
176100,Te Manatu,Waikato,Hamilton City,2983,2772,3159,944,877
176200,Rototuna South,Waikato,Hamilton City,masked,3363,3781,>950,889
176300,Te Rapa South,Waikato,Hamilton City,masked,182,215,>950,847
176400,Saint Andrews West,Waikato,Hamilton City,2118,1859,2431,871,765
176500,Saint Andrews East,Waikato,Hamilton City,2010,1853,2201,913,842
176600,Queenwood (Hamilton City),Waikato,Hamilton City,1942,1825,2067,940,883
176700,St James,Waikato,Hamilton City,1560,1474,1659,940,888
176800,Crawshaw,Waikato,Hamilton City,1985,1616,2418,821,668
176900,Huntington,Waikato,Hamilton City,masked,2048,2228,>950,919
177000,Western Heights (Hamilton City),Waikato,Hamilton City,masked,2329,2607,>950,893
177100,Nawton West,Waikato,Hamilton City,2787,2474,3066,909,807
177200,Nawton East,Waikato,Hamilton City,2959,2567,3397,871,756
177300,Chartwell,Waikato,Hamilton City,1809,1585,2062,877,769
177400,Forest Lake (Hamilton City),Waikato,Hamilton City,1898,1729,2110,900,819
177500,Chedworth,Waikato,Hamilton City,1412,1310,1545,914,848
177600,Beerescourt,Waikato,Hamilton City,1848,1715,2010,919,853
177700,Miropiko,Waikato,Hamilton City,2572,2376,2755,934,862
177800,Porritt,Waikato,Hamilton City,1862,1641,2109,883,778
177900,Dinsdale North,Waikato,Hamilton City,3250,2893,3604,902,803
178000,Maeroa,Waikato,Hamilton City,2791,2432,3124,893,778
178100,Dinsdale South,Waikato,Hamilton City,3062,2731,3358,912,813
178200,Fairfield (Hamilton City),Waikato,Hamilton City,3022,2544,3611,837,705
178300,Whitiora,Waikato,Hamilton City,2146,1930,2301,933,839
178400,Enderley North,Waikato,Hamilton City,1564,1285,1927,812,667
178500,Fairview Downs,Waikato,Hamilton City,2520,2237,2725,925,821
178600,Temple View,Waikato,Hamilton City,865,753,1039,833,725
178700,Swarbrick,Waikato,Hamilton City,1925,1702,2102,916,810
178800,Kahikatea,Waikato,Hamilton City,2351,2014,2719,865,741
178900,Frankton Junction ,Waikato,Hamilton City,524,457,593,884,771
179000,Kirikiriroa,Waikato,Hamilton City,masked,355,446,>950,796
179100,Enderley South,Waikato,Hamilton City,1979,1699,2273,871,747
179200,Ruakura,Waikato,Hamilton City,masked,1572,1701,>950,924
179300,Claudelands,Waikato,Hamilton City,2392,2192,2521,949,869
179400,Hamilton Central,Waikato,Hamilton City,720,644,764,942,843
179500,Hamilton Lake,Waikato,Hamilton City,masked,2711,3052,>950,888
179600,Peachgrove,Waikato,Hamilton City,2889,2640,3073,940,859
179700,Hamilton East Village,Waikato,Hamilton City,masked,2348,2685,>950,874
179800,Hamilton West,Waikato,Hamilton City,1353,1244,1432,945,869
179900,Greensboro,Waikato,Hamilton City,masked,2472,2901,>950,852
180000,Hamilton East Cook,Waikato,Hamilton City,1579,1372,1673,944,820
180100,Melville North,Waikato,Hamilton City,2303,2076,2502,920,830
180200,Hamilton East,Waikato,Hamilton City,2996,2741,3252,921,843
180300,Melville South,Waikato,Hamilton City,1719,1484,1867,921,795
180400,Deanwell,Waikato,Hamilton City,1495,1311,1687,886,777
180500,Bader,Waikato,Hamilton City,1709,1424,2065,828,690
180600,Hillcrest West (Hamilton City),Waikato,Hamilton City,masked,1868,2167,>950,862
180700,Hillcrest East (Hamilton City),Waikato,Hamilton City,masked,2140,2455,>950,872
180800,Silverdale (Hamilton City),Waikato,Hamilton City,1610,1419,1697,949,836
180900,Glenview,Waikato,Hamilton City,1686,1505,1830,921,822
181000,Resthill,Waikato,Hamilton City,1876,1732,2087,899,830
181100,Fitzroy ,Waikato,Hamilton City,2702,2488,2864,943,869
181200,Riverlea,Waikato,Hamilton City,2214,2065,2353,941,878
181300,Peacockes,Waikato,Hamilton City,241,229,269,896,851
181400,Te Pahu,Waikato,Waipa District,1001,888,1129,887,787
181500,Ngahinapouri,Waikato,Waipa District,1257,1125,1354,928,831
181600,Lake Cameron,Waikato,Waipa District,1089,1000,1156,942,865
181700,Lake Ngaroto,Waikato,Waipa District,865,782,941,919,831
181800,Kaipaki,Waikato,Waipa District,1190,1094,1327,897,824
181900,Pirongia,Waikato,Waipa District,919,855,1026,896,833
182000,Hautapu Rural,Waikato,Waipa District,553,513,600,922,855
182100,Pokuru,Waikato,Waipa District,1036,919,1168,887,787
182200,Te Rahu,Waikato,Waipa District,929,831,1019,912,816
182300,Fencourt,Waikato,Waipa District,591,538,638,926,843
182400,Hautapu,Waikato,Waipa District,497,459,525,947,874
182500,Karapiro,Waikato,Waipa District,1804,1632,1963,919,831
182600,Cambridge North,Waikato,Waipa District,masked,2012,2189,>950,919
182700,Cambridge West,Waikato,Waipa District,2017,1863,2189,921,851
182800,Cambridge East,Waikato,Waipa District,2174,2006,2369,918,847
182900,Cambridge Park-River Garden,Waikato,Waipa District,1151,1100,1238,930,889
183000,Oaklands-St Kilda,Waikato,Waipa District,1430,1355,1529,935,886
183100,Pukerimu,Waikato,Waipa District,840,778,904,929,861
183200,Cambridge Central,Waikato,Waipa District,791,730,863,917,846
183300,Te Awamutu North,Waikato,Waipa District,877,773,974,900,794
183400,Te Awamutu West,Waikato,Waipa District,1011,894,1144,884,781
183500,Leamington West,Waikato,Waipa District,1235,1142,1373,899,832
183600,Goodfellow Park,Waikato,Waipa District,1290,1151,1486,868,775
183700,Leamington South,Waikato,Waipa District,1435,1329,1558,921,853
183800,Leamington Central,Waikato,Waipa District,1825,1653,2066,883,800
183900,Leamington East,Waikato,Waipa District,1603,1473,1724,930,854
184000,Te Awamutu Stadium,Waikato,Waipa District,1428,1296,1569,910,826
184100,Te Awamutu Central,Waikato,Waipa District,343,325,389,882,835
184200,Pekerau,Waikato,Waipa District,1963,1773,2147,914,826
184300,Fraser Street,Waikato,Waipa District,1139,1062,1240,919,856
184400,Sherwin Park,Waikato,Waipa District,1470,1312,1688,871,777
184500,St Leger,Waikato,Waipa District,405,370,471,860,786
184600,Rotoorangi,Waikato,Waipa District,1205,1050,1368,881,768
184700,Tokanui,Waikato,Waipa District,279,224,352,793,636
184800,Kihikihi Central,Waikato,Waipa District,1864,1644,2156,865,763
184900,Maungatautari,Waikato,Waipa District,614,547,696,882,786
185000,Rotongata,Waikato,Waipa District,547,476,648,844,735
185200,Pirongia Forest,Waikato,Otorohanga District,667,591,827,807,715
185300,Honikiwi,Waikato,Otorohanga District,1050,908,1240,847,732
185400,Te Kawa,Waikato,Otorohanga District,748,648,882,848,735
185500,Otorohanga,Waikato,Otorohanga District,2236,1907,2635,849,724
185600,Maihiihi,Waikato,Otorohanga District,1229,1035,1434,857,722
185700,Puniu,Waikato,Otorohanga District,762,651,928,821,702
185800,Tirau,Waikato,South Waikato District,1596,1379,1907,837,723
185900,Putararu Rural,Waikato,South Waikato District,1574,1333,1901,828,701
186000,Putararu,Waikato,South Waikato District,3069,2611,3632,845,719
186100,Kinleith,Waikato,South Waikato District,969,803,1116,868,720
186200,Paraonui,Waikato,South Waikato District,1299,1143,1488,873,768
186300,Parkdale,Waikato,South Waikato District,554,467,713,777,655
186400,Matarawa,Waikato,South Waikato District,1467,1179,1829,802,645
186500,Stanley Park,Waikato,South Waikato District,1468,1187,1861,789,638
186600,Strathmore (South Waikato District),Waikato,South Waikato District,1501,1214,1954,768,621
186700,Tokoroa Central,Waikato,South Waikato District,712,561,907,785,619
186800,Moananui,Waikato,South Waikato District,1927,1590,2360,817,674
187000,Herangi,Waikato,Waitomo District,665,588,794,838,741
187100,Hangatiki,Waikato,Waitomo District,897,768,1062,845,723
187200,Aria,Waikato,Waitomo District,875,741,1038,843,714
187300,Te Kuiti West,Waikato,Waitomo District,1885,1603,2228,846,719
187400,Te Kuiti East,Waikato,Waitomo District,1319,1074,1650,799,651
187500,Waipa Valley,Waikato,Waitomo District,887,757,988,898,766
187600,Tiroa,Waikato,Waitomo District,30,27,39,769,692
187700,Marotiri,Lakes,Taupo District,1531,1260,1911,801,659
187800,Ohakuri,Lakes,Taupo District,1289,1098,1556,828,706
187900,Lake Taupo Bays,Lakes,Taupo District,1113,975,1356,821,719
188000,Mapara,Lakes,Taupo District,1649,1478,1858,888,795
188200,Wairakei-Broadlands,Lakes,Taupo District,748,655,941,795,696
188300,Acacia Bay,Lakes,Taupo District,1395,1267,1552,899,816
188400,Brentwood (Taupo District),Lakes,Taupo District,1612,1502,1793,899,838
188500,Nukuhau-Rangatira Park,Lakes,Taupo District,1987,1819,2262,878,804
188600,Taupo Central West,Lakes,Taupo District,327,296,380,861,779
188700,Tauhara,Lakes,Taupo District,1094,906,1423,769,637
188800,Taupo Central East,Lakes,Taupo District,1707,1460,2078,821,703
188900,Mountview,Lakes,Taupo District,1896,1650,2246,844,735
189000,Bird Area,Lakes,Taupo District,1698,1524,1925,882,792
189100,Hilltop (Taupo District),Lakes,Taupo District,2024,1814,2358,858,769
189200,Waipahihi,Lakes,Taupo District,1755,1617,1951,900,829
189300,Richmond Heights,Lakes,Taupo District,1661,1447,1958,848,739
189400,Wharewaka,Lakes,Taupo District,1012,945,1095,924,863
189600,Waitahanui,Lakes,Taupo District,517,453,663,780,683
189700,Turangi,Lakes,Taupo District,2361,1947,2984,791,652
189800,Rangataiki,Lakes,Taupo District,masked,85,101,>950,842
189900,Taharua,Lakes,Taupo District,42,36,50,840,720
190100,Waiau,Bay of Plenty,Western Bay of Plenty District,233,203,287,812,707
190200,Waihi Beach-Bowentown,Bay of Plenty,Western Bay of Plenty District,2029,1859,2295,884,810
190300,Tahawai,Bay of Plenty,Western Bay of Plenty District,1364,1234,1710,798,722
190400,Athenree,Bay of Plenty,Western Bay of Plenty District,602,551,759,793,726
190500,Aongatete,Bay of Plenty,Western Bay of Plenty District,2872,2606,3155,910,826
190600,Katikati,Bay of Plenty,Western Bay of Plenty District,4127,3748,4720,874,794
190800,Matakana Island,Bay of Plenty,Western Bay of Plenty District,85,70,111,766,631
190900,Pahoia,Bay of Plenty,Western Bay of Plenty District,2367,2102,2773,854,758
191000,Omokoroa,Bay of Plenty,Western Bay of Plenty District,3155,2916,3525,895,827
191100,Omokoroa Rural,Bay of Plenty,Western Bay of Plenty District,890,787,984,904,800
191200,Te Puna,Bay of Plenty,Western Bay of Plenty District,1625,1424,1922,845,741
191300,Minden,Bay of Plenty,Western Bay of Plenty District,1648,1450,1936,851,749
191400,Kaimai,Bay of Plenty,Western Bay of Plenty District,1416,1208,1809,783,668
191500,Kopurererua,Bay of Plenty,Western Bay of Plenty District,855,760,1011,846,752
191600,Kaitemako (Western Bay of Plenty District),Bay of Plenty,Western Bay of Plenty District,1211,1045,1552,780,673
191700,Waiorohi,Bay of Plenty,Western Bay of Plenty District,1849,1567,2227,830,704
191800,Otawa,Bay of Plenty,Western Bay of Plenty District,1570,1394,1721,912,810
191900,Te Puke West,Bay of Plenty,Western Bay of Plenty District,2616,2219,2933,892,757
192000,Rangiuru,Bay of Plenty,Western Bay of Plenty District,2111,1845,2236,944,825
192100,Te Puke East,Bay of Plenty,Western Bay of Plenty District,3923,3391,4391,893,772
192300,Maketu,Bay of Plenty,Western Bay of Plenty District,787,669,1023,769,654
192400,Pukehina Beach,Bay of Plenty,Western Bay of Plenty District,594,525,708,839,742
192500,Pongakawa,Bay of Plenty,Western Bay of Plenty District,2054,1750,2500,822,700
192600,Matua North,Bay of Plenty,Tauranga City,2395,2246,2574,930,873
192800,Mount Maunganui North,Bay of Plenty,Tauranga City,2679,2399,2999,893,800
192900,Matua South,Bay of Plenty,Tauranga City,2039,1820,2268,899,802
193000,Bethlehem North,Bay of Plenty,Tauranga City,2829,2621,3243,872,808
193100,Bellevue,Bay of Plenty,Tauranga City,2706,2357,3095,874,762
193200,Otumoetai North,Bay of Plenty,Tauranga City,3381,3062,3704,913,827
193300,Otumoetai South,Bay of Plenty,Tauranga City,2952,2628,3237,912,812
193400,Brookfield West,Bay of Plenty,Tauranga City,2067,1753,2403,860,730
193500,Bethlehem Central,Bay of Plenty,Tauranga City,3486,3205,3834,909,836
193600,Brookfield East,Bay of Plenty,Tauranga City,1935,1670,2269,853,736
193700,Mount Maunganui South,Bay of Plenty,Tauranga City,2331,2063,2497,934,826
193800,Tauranga Central,Bay of Plenty,Tauranga City,2252,2049,2455,917,835
193900,Mount Maunganui Central,Bay of Plenty,Tauranga City,242,204,273,886,747
194000,Judea,Bay of Plenty,Tauranga City,1905,1661,2195,868,757
194100,Te Reti,Bay of Plenty,Tauranga City,1325,1115,1622,817,687
194200,Bethlehem South,Bay of Plenty,Tauranga City,862,790,958,900,825
194300,Omanu Beach,Bay of Plenty,Tauranga City,2185,1927,2471,884,780
194400,Tauranga Hospital,Bay of Plenty,Tauranga City,1536,1349,1734,886,778
194500,Tauriko,Bay of Plenty,Tauranga City,113,95,134,843,709
194600,Gate Pa,Bay of Plenty,Tauranga City,2742,2291,3285,835,697
194700,Greerton South,Bay of Plenty,Tauranga City,536,467,609,880,767
194800,Tauranga South,Bay of Plenty,Tauranga City,3969,3510,4411,900,796
194900,Arataki North,Bay of Plenty,Tauranga City,2380,2127,2636,903,807
195000,Matapihi,Bay of Plenty,Tauranga City,498,398,626,796,636
195100,Pyes Pa West,Bay of Plenty,Tauranga City,4142,3705,4430,935,836
195200,Greerton North,Bay of Plenty,Tauranga City,2550,2170,2963,861,732
195300,Yatton Park,Bay of Plenty,Tauranga City,1612,1296,2061,782,629
195400,Pyes Pa North,Bay of Plenty,Tauranga City,3898,3557,4337,899,820
195500,Arataki South,Bay of Plenty,Tauranga City,2102,1817,2435,863,746
195600,Pyes Pa South,Bay of Plenty,Tauranga City,1324,1205,1441,919,836
195700,Poike,Bay of Plenty,Tauranga City,518,417,664,780,628
195800,Te Maunga North,Bay of Plenty,Tauranga City,2459,2143,2893,850,741
195900,Maungatapu,Bay of Plenty,Tauranga City,2170,1922,2473,877,777
196000,Hairini,Bay of Plenty,Tauranga City,2287,1983,2693,849,736
196100,Pyes Pa East,Bay of Plenty,Tauranga City,475,426,572,830,745
196200,Te Maunga South,Bay of Plenty,Tauranga City,3921,3597,4257,921,845
196300,Kaitemako (Tauranga City),Bay of Plenty,Tauranga City,1082,930,1299,833,716
196400,Ohauiti,Bay of Plenty,Tauranga City,2800,2507,3115,899,805
196500,Baypark-Kairua,Bay of Plenty,Tauranga City,474,397,576,823,689
196600,Welcome Bay West,Bay of Plenty,Tauranga City,1783,1460,2273,784,642
196700,Welcome Bay East,Bay of Plenty,Tauranga City,1750,1498,2111,829,710
196800,Pacific View,Bay of Plenty,Tauranga City,2303,2049,2540,907,807
196900,Welcome Bay South,Bay of Plenty,Tauranga City,2571,2282,3059,840,746
197000,Palm Beach North,Bay of Plenty,Tauranga City,2192,1842,2583,849,713
197100,Palm Beach South-Gravatt,Bay of Plenty,Tauranga City,3176,2912,3487,911,835
197200,Papamoa Beach North,Bay of Plenty,Tauranga City,1920,1644,2245,855,732
197300,Doncaster,Bay of Plenty,Tauranga City,2366,2102,2718,870,773
197400,Papamoa Beach South,Bay of Plenty,Tauranga City,2041,1787,2362,864,757
197500,Motiti,Bay of Plenty,Tauranga City,2413,2155,2710,890,795
197600,Wairakei ,Bay of Plenty,Tauranga City,4979,4366,5550,897,787
197700,Tui Ridge,Lakes,Rotorua District,1246,1116,1430,871,780
197800,Arahiwi,Lakes,Rotorua District,77,59,105,733,562
197900,Ngongotaha Valley,Lakes,Rotorua District,1049,899,1290,813,697
198000,Hamurana,Lakes,Rotorua District,860,794,938,917,846
198100,Ngongotaha East,Lakes,Rotorua District,1386,1183,1672,829,708
198200,Ngongotaha West,Lakes,Rotorua District,1131,986,1339,845,736
198400,Ngongotaha South,Lakes,Rotorua District,1059,926,1270,834,729
198500,Selwyn Heights,Lakes,Rotorua District,766,627,947,809,662
198600,Pleasant Heights,Lakes,Rotorua District,1297,1054,1687,769,625
198700,Rotoiti-Rotoehu,Lakes,Rotorua District,1269,1085,1636,776,663
198800,Kawaha,Lakes,Rotorua District,1332,1181,1537,867,768
198900,Fairy Springs,Lakes,Rotorua District,1174,979,1391,844,704
199000,Western Heights (Rotorua District),Lakes,Rotorua District,1344,1064,1869,719,569
199100,Pukehangi North,Lakes,Rotorua District,1568,1277,2083,753,613
199200,Pukehangi South,Lakes,Rotorua District,1905,1715,2165,880,792
199300,Mangakakahi Central,Lakes,Rotorua District,68,66,104,654,635
199400,Koutu,Lakes,Rotorua District,1329,1090,1699,782,642
199500,Mangakakahi West,Lakes,Rotorua District,1361,1103,1650,825,668
199600,Sunnybrook,Lakes,Rotorua District,1445,1281,1648,877,777
199700,Fordlands,Lakes,Rotorua District,1372,1024,1881,729,544
199800,Kuirau,Lakes,Rotorua District,644,542,770,836,704
199900,Utuhina,Lakes,Rotorua District,1122,1008,1261,890,799
200000,Pomare,Lakes,Rotorua District,1256,1140,1389,904,821
200100,Rotorua Central,Lakes,Rotorua District,365,314,394,926,797
200200,Hillcrest (Rotorua District),Lakes,Rotorua District,1211,1030,1434,844,718
200300,Victoria,Lakes,Rotorua District,1546,1405,1672,925,840
200400,Waiohewa,Lakes,Rotorua District,780,709,878,888,808
200500,Glenholme North,Lakes,Rotorua District,1880,1643,2199,855,747
200600,Springfield South,Lakes,Rotorua District,1493,1383,1635,913,846
200700,Springfield North,Lakes,Rotorua District,1392,1289,1491,934,865
200800,Glenholme South,Lakes,Rotorua District,1683,1533,1842,914,832
200900,Owhata West,Lakes,Rotorua District,1989,1715,2415,824,710
201000,Holdens Bay-Rotokawa,Lakes,Rotorua District,878,768,1046,839,734
201100,Ngapuna,Lakes,Rotorua District,233,165,296,787,557
201200,Fenton Park,Lakes,Rotorua District,1268,1127,1359,933,829
201300,Tihiotonga-Whakarewarewa,Lakes,Rotorua District,607,549,687,884,799
201400,Owhata East,Lakes,Rotorua District,2137,1896,2500,855,758
201500,Lynmore,Lakes,Rotorua District,2591,2423,2787,930,869
201600,Ngakuru,Lakes,Rotorua District,1130,961,1349,838,712
201700,Kaingaroa-Whakarewarewa,Lakes,Rotorua District,1227,1090,1483,827,735
201800,Golden Springs,Lakes,Rotorua District,1045,831,1272,822,653
201900,Manawahe,Bay of Plenty,Whakatane District,753,654,969,777,675
202000,Matata-Otakiri,Bay of Plenty,Whakatane District,1153,998,1426,809,700
202100,Onepu Spring,Bay of Plenty,Whakatane District,877,763,1077,814,708
202200,Edgecumbe,Bay of Plenty,Whakatane District,1174,982,1464,802,671
202300,Thornton-Awakeri,Bay of Plenty,Whakatane District,1639,1411,1981,827,712
202400,Te Teko Lakes,Bay of Plenty,Whakatane District,1034,800,1445,716,554
202500,Coastlands,Bay of Plenty,Whakatane District,1422,1238,1689,842,733
202600,Whakatane West,Bay of Plenty,Whakatane District,2083,1764,2704,770,652
202700,Whakatane Central,Bay of Plenty,Whakatane District,2472,2209,2978,830,742
202800,Trident,Bay of Plenty,Whakatane District,2209,1899,2908,760,653
202900,Allandale,Bay of Plenty,Whakatane District,1851,1636,2230,830,734
203000,Mokorua Bush,Bay of Plenty,Whakatane District,1134,1049,1268,894,827
203100,Wainui ,Bay of Plenty,Whakatane District,844,703,1198,705,587
203200,Ohope,Bay of Plenty,Whakatane District,2513,2364,2807,895,842
203400,Galatea,Bay of Plenty,Whakatane District,623,471,918,679,513
203500,Waingarara-Waimana,Bay of Plenty,Whakatane District,1296,976,1962,661,497
203600,Murupara,Bay of Plenty,Whakatane District,727,536,1390,523,386
203700,Monika Reserve,Bay of Plenty,Kawerau District,2204,1827,2823,781,647
203800,Kawerau Industrial,Bay of Plenty,Kawerau District,9,6,26,346,231
203900,Tarawera Park,Bay of Plenty,Kawerau District,2385,1883,3321,718,567
204100,Waiotahi,Bay of Plenty,Opotiki District,1019,894,1263,807,708
204200,Cape Runaway,Bay of Plenty,Opotiki District,924,793,1010,915,785
204300,Woodlands,Bay of Plenty,Opotiki District,749,668,876,855,763
204400,Opotiki,Bay of Plenty,Opotiki District,2092,1643,2950,709,557
204500,Otara-Tirohanga ,Bay of Plenty,Opotiki District,766,683,1013,756,674
204600,Oponae,Bay of Plenty,Opotiki District,129,110,193,668,570
204700,East Cape,Tairawhiti,Gisborne District,864,727,1106,781,657
204800,Waipaoa,Tairawhiti,Gisborne District,1208,974,1577,766,618
204900,Ruatoria-Raukumara,Tairawhiti,Gisborne District,728,595,986,738,603
205000,Tokomaru,Tairawhiti,Gisborne District,668,569,815,820,698
205100,Hangaroa,Tairawhiti,Gisborne District,1029,872,1191,864,732
205200,Wharekaka,Tairawhiti,Gisborne District,1299,1078,1560,833,691
205300,Te Arai,Tairawhiti,Gisborne District,776,656,952,815,689
205400,Hexton,Tairawhiti,Gisborne District,2467,2211,2666,925,829
205500,Lytton,Tairawhiti,Gisborne District,1194,1128,1354,882,833
205600,Makaraka-Awapuni,Tairawhiti,Gisborne District,749,660,916,818,721
205700,Riverdale,Tairawhiti,Gisborne District,1031,926,1178,875,786
205800,Te Hapara North,Tairawhiti,Gisborne District,1596,1414,1819,877,777
205900,Mangapapa North,Tairawhiti,Gisborne District,957,811,1127,849,720
206000,Elgin,Tairawhiti,Gisborne District,1642,1304,2150,764,607
206100,Te Hapara South,Tairawhiti,Gisborne District,1541,1273,1891,815,673
206200,Mangapapa East,Tairawhiti,Gisborne District,949,841,1101,862,764
206300,Mangapapa South,Tairawhiti,Gisborne District,1278,1073,1572,813,683
206400,Te Hapara East,Tairawhiti,Gisborne District,1450,1265,1715,845,738
206500,Centennial Crescent,Tairawhiti,Gisborne District,1090,892,1284,849,695
206600,Whataupoko East,Tairawhiti,Gisborne District,1470,1337,1576,933,848
206700,Whataupoko West,Tairawhiti,Gisborne District,1617,1453,1776,910,818
206800,Gisborne Central,Tairawhiti,Gisborne District,267,234,302,884,775
206900,Kaiti North,Tairawhiti,Gisborne District,1613,1451,1847,873,786
207000,Kaiti South,Tairawhiti,Gisborne District,1989,1596,2500,796,638
207100,Outer Kaiti,Tairawhiti,Gisborne District,1467,1095,2054,714,533
207200,Tamarau,Tairawhiti,Gisborne District,1537,1224,1975,778,620
207300,Wainui-Okitu,Tairawhiti,Gisborne District,1407,1250,1578,892,792
207400,Maungataniwha-Raupunga,Hawke's Bay,Wairoa District,586,493,777,754,634
207600,Frasertown-Ruakituri,Hawke's Bay,Wairoa District,489,431,579,845,744
207700,Whakaki,Hawke's Bay,Wairoa District,482,422,555,868,760
207800,Wairoa,Hawke's Bay,Wairoa District,2826,2464,3606,784,683
207900,Mahia,Hawke's Bay,Wairoa District,712,612,861,827,711
208000,Puketitiri-Tutira,Hawke's Bay,Hastings District,1229,1018,1483,829,686
208100,Sherenden-Crownthorpe,Hawke's Bay,Hastings District,985,869,1118,881,777
208200,Maraekakaho,Hawke's Bay,Hastings District,1093,998,1223,894,816
208300,Puketapu-Eskdale,Hawke's Bay,Hastings District,2159,1968,2404,898,819
208400,Omahu-Pakowhai,Hawke's Bay,Hastings District,1117,952,1242,899,767
208500,Bridge Pa,Hawke's Bay,Hastings District,797,664,913,873,727
208600,Twyford,Hawke's Bay,Hastings District,masked,masked,735,>950,>950
208700,Poukawa,Hawke's Bay,Hastings District,1082,952,1254,863,759
208800,Flaxmere West,Hawke's Bay,Hastings District,1560,1162,2097,744,554
208900,Omahu Strip,Hawke's Bay,Hastings District,masked,masked,132,>950,>950
209000,Lochain Park,Hawke's Bay,Hastings District,1798,1379,2385,754,578
209100,Flaxmere Park,Hawke's Bay,Hastings District,1794,1432,2136,840,670
209200,Flaxmere South,Hawke's Bay,Hastings District,1642,1302,2163,759,602
209300,Irongate,Hawke's Bay,Hastings District,masked,masked,290,>950,>950
209400,Frimley,Hawke's Bay,Hastings District,masked,2614,2902,>950,901
209500,Camberley,Hawke's Bay,Hastings District,1429,1137,1810,790,628
209600,Clive,Hawke's Bay,Hastings District,1733,1553,1908,908,814
209700,St Leonards,Hawke's Bay,Hastings District,1801,1579,2077,867,760
209800,Mahora,Hawke's Bay,Hastings District,1916,1704,2178,880,782
209900,Raureka,Hawke's Bay,Hastings District,2196,1889,2483,884,761
210000,Cornwall Park,Hawke's Bay,Hastings District,2228,1919,2570,867,747
210100,Tomoana,Hawke's Bay,Hastings District,214,194,234,915,829
210200,Longlands-Pukahu,Hawke's Bay,Hastings District,1576,1440,1746,903,825
210300,Raceway Park,Hawke's Bay,Hastings District,1558,1365,1640,950,832
210400,Karamu,Hawke's Bay,Hastings District,masked,905,1084,>950,835
210500,Hastings Central,Hawke's Bay,Hastings District,377,309,409,922,756
210600,Tomoana Crossing,Hawke's Bay,Hastings District,1838,1621,2138,860,758
210700,Akina Park,Hawke's Bay,Hastings District,1707,1497,1977,863,757
210800,Queens Square,Hawke's Bay,Hastings District,1454,1287,1604,906,802
210900,Mayfair,Hawke's Bay,Hastings District,2039,1708,2452,832,697
211000,Parkhaven,Hawke's Bay,Hastings District,2068,1775,2332,887,761
211100,Parkvale,Hawke's Bay,Hastings District,1821,1651,1979,920,834
211200,Mangateretere,Hawke's Bay,Hastings District,933,846,982,950,862
211300,Haumoana-Te Awanga,Hawke's Bay,Hastings District,1367,1218,1631,838,747
211400,Lucknow,Hawke's Bay,Hastings District,963,816,1128,854,723
211500,Karanema-St Hill,Hawke's Bay,Hastings District,1652,1540,1845,895,835
211600,Havelock North-Central,Hawke's Bay,Hastings District,364,335,399,912,840
211700,Brookvale,Hawke's Bay,Hastings District,masked,2010,2222,>950,905
211800,Iona,Hawke's Bay,Hastings District,2014,1863,2220,907,839
211900,Hereworth,Hawke's Bay,Hastings District,2349,2191,2500,940,876
212000,Te Mata Hills,Hawke's Bay,Hastings District,909,876,985,923,889
212100,Havelock Hills,Hawke's Bay,Hastings District,1355,1278,1428,949,895
212200,Kahuranaki,Hawke's Bay,Hastings District,1069,938,1271,841,738
212300,Bay View,Hawke's Bay,Napier City,1748,1571,1959,892,802
212400,Poraiti Hills,Hawke's Bay,Napier City,668,610,734,910,831
212500,Poraiti Flat,Hawke's Bay,Napier City,masked,1164,1254,>950,928
212600,Westshore,Hawke's Bay,Napier City,991,904,1078,919,839
212800,Onekawa West,Hawke's Bay,Napier City,243,210,286,850,734
212900,Ahuriri,Hawke's Bay,Napier City,1019,941,1199,850,785
213000,Taradale West,Hawke's Bay,Napier City,1498,1407,1612,929,873
213100,Greenmeadows West,Hawke's Bay,Napier City,1777,1674,1894,938,884
213200,Taradale South,Hawke's Bay,Napier City,2256,2107,2463,916,855
213300,Bluff Hill,Hawke's Bay,Napier City,2201,2014,2439,902,826
213400,Hospital Hill,Hawke's Bay,Napier City,2261,2061,2525,895,816
213500,Tamatea West,Hawke's Bay,Napier City,1422,1271,1647,863,772
213600,Tamatea North,Hawke's Bay,Napier City,1185,1009,1403,845,719
213700,Taradale Central,Hawke's Bay,Napier City,2267,2108,2454,924,859
213800,Tamatea East,Hawke's Bay,Napier City,1241,1049,1435,865,731
213900,Marewa West,Hawke's Bay,Napier City,1343,1227,1493,900,822
214000,Greenmeadows Central,Hawke's Bay,Napier City,1208,1108,1283,942,864
214100,Onekawa Central,Hawke's Bay,Napier City,1133,1020,1250,906,816
214200,Pirimai West,Hawke's Bay,Napier City,1166,1016,1339,871,759
214300,Napier Central,Hawke's Bay,Napier City,366,301,422,867,713
214400,Greenmeadows South,Hawke's Bay,Napier City,1598,1419,1804,886,787
214500,Nelson Park,Hawke's Bay,Napier City,1627,1395,1881,865,742
214600,Bledisloe Park,Hawke's Bay,Napier City,1785,1615,1921,929,841
214700,Pirimai East,Hawke's Bay,Napier City,1596,1359,1808,883,752
214800,Onekawa East,Hawke's Bay,Napier City,1087,906,1367,795,663
214900,Tareha Reserve,Hawke's Bay,Napier City,2510,2268,2738,917,828
215000,Marewa East,Hawke's Bay,Napier City,2137,1793,2716,787,660
215100,Onekawa South,Hawke's Bay,Napier City,2078,1669,2555,813,653
215200,McLean Park,Hawke's Bay,Napier City,1857,1632,2081,892,784
215300,Maraenui,Hawke's Bay,Napier City,2093,1591,2860,732,556
215400,Meeanee-Awatoto,Hawke's Bay,Napier City,2434,2244,2672,911,840
215500,Mangaonuku,Hawke's Bay,Central Hawke's Bay District,708,638,757,935,843
215600,Makaretu,Hawke's Bay,Central Hawke's Bay District,1756,1554,2007,875,774
215700,Waipawa,Hawke's Bay,Central Hawke's Bay District,1530,1319,1825,838,723
215800,Waipukurau West,Hawke's Bay,Central Hawke's Bay District,1891,1684,2175,869,774
215900,Mangarara,Hawke's Bay,Central Hawke's Bay District,1842,1600,2057,895,778
216000,Waipukurau East,Hawke's Bay,Central Hawke's Bay District,1414,1266,1621,872,781
216100,Taurekaitai,Hawke's Bay,Central Hawke's Bay District,1372,1231,1609,853,765
216200,Port Taranaki,Taranaki,New Plymouth District,masked,5 or less,masked,583,167
216300,Spotswood,Taranaki,New Plymouth District,2610,2189,3136,832,698
216400,Omata,Taranaki,New Plymouth District,771,690,837,921,824
216500,Oakura,Taranaki,New Plymouth District,1173,1085,1279,917,848
216600,Moturoa,Taranaki,New Plymouth District,1396,1230,1606,869,766
216700,Kaitake,Taranaki,New Plymouth District,1245,1087,1555,801,699
216800,Blagdon-Lynmouth,Taranaki,New Plymouth District,1810,1588,2065,877,769
216900,Kawaroa,Taranaki,New Plymouth District,1723,1536,1919,898,800
217000,New Plymouth Central,Taranaki,New Plymouth District,948,838,1023,927,819
217100,Marfell,Taranaki,New Plymouth District,1041,853,1328,784,642
217200,Whalers Gate,Taranaki,New Plymouth District,1921,1770,2098,916,844
217300,Strandon,Taranaki,New Plymouth District,2033,1841,2231,911,825
217400,Westown ,Taranaki,New Plymouth District,3248,2863,3728,871,768
217500,Bell Block West,Taranaki,New Plymouth District,3129,2698,3492,896,773
217600,Bell Block East,Taranaki,New Plymouth District,2344,2089,2560,916,816
217700,Waiwhakaiho-Bell Block South,Taranaki,New Plymouth District,87,68,113,770,602
217800,Lower Vogeltown,Taranaki,New Plymouth District,2229,1969,2468,903,798
217900,Hurdon,Taranaki,New Plymouth District,1830,1613,2017,907,800
218000,Frankleigh Park,Taranaki,New Plymouth District,2209,1929,2424,911,796
218100,Merrilands,Taranaki,New Plymouth District,2248,1981,2531,888,783
218200,Ferndale,Taranaki,New Plymouth District,616,563,655,940,860
218300,Welbourn,Taranaki,New Plymouth District,2425,2142,2650,915,808
218400,Fitzroy-Glen Avon,Taranaki,New Plymouth District,2749,2428,3060,898,793
218500,Waitara West,Taranaki,New Plymouth District,2521,2044,3322,759,615
218600,Upper Vogeltown,Taranaki,New Plymouth District,2087,1900,2368,881,802
218700,Highlands Park (New Plymouth District),Taranaki,New Plymouth District,2748,2505,2969,926,844
218800,Paraite,Taranaki,New Plymouth District,600,531,673,892,789
218900,Waitara East,Taranaki,New Plymouth District,1954,1614,2433,803,663
219000,Lepperton-Brixton,Taranaki,New Plymouth District,1253,1060,1429,877,742
219100,Mangorei,Taranaki,New Plymouth District,1492,1325,1747,854,758
219200,Mount Messenger,Taranaki,New Plymouth District,560,452,681,822,664
219300,Mangaoraka,Taranaki,New Plymouth District,1239,1080,1469,843,735
219400,Tikorangi,Taranaki,New Plymouth District,1466,1246,1763,832,707
219500,Everett Park,Taranaki,New Plymouth District,1519,1312,1733,877,757
219600,Inglewood,Taranaki,New Plymouth District,2544,2228,2934,867,759
219700,Tarata,Taranaki,New Plymouth District,375,325,438,856,742
219800,Pembroke,Taranaki,Stratford District,1020,874,1236,825,707
219900,Douglas,Taranaki,Stratford District,383,307,497,771,618
220000,Toko,Taranaki,Stratford District,919,809,1084,848,746
220100,Stratford North,Taranaki,Stratford District,1361,1216,1592,855,764
220200,Whangamomona,Taranaki,Stratford District,69,64,102,676,627
220300,Stratford Central,Taranaki,Stratford District,1412,1235,1665,848,742
220400,Stratford South,Taranaki,Stratford District,1207,1046,1425,847,734
220500,Cape Egmont,Taranaki,South Taranaki District,1153,924,1506,766,614
220600,Taungatara,Taranaki,South Taranaki District,720,588,877,821,670
220700,Opunake,Taranaki,South Taranaki District,936,809,1132,827,715
220800,Kaponga-Mangatoki,Taranaki,South Taranaki District,689,557,873,789,638
220900,Manaia-Kapuni,Taranaki,South Taranaki District,925,770,1149,805,670
221000,Eltham,Taranaki,South Taranaki District,1217,1027,1528,796,672
221100,Okaiawa,Taranaki,South Taranaki District,717,622,856,838,727
221200,Te Roti-Moeroa,Taranaki,South Taranaki District,533,428,611,872,700
221300,Egmont Showgrounds,Taranaki,South Taranaki District,masked,1138,1319,>950,863
221400,Normanby-Tawhiti,Taranaki,South Taranaki District,997,862,1160,859,743
221500,Ohangai,Taranaki,South Taranaki District,373,315,424,880,743
221600,Turuturu,Taranaki,South Taranaki District,1213,1048,1363,890,769
221700,King Edward Park,Taranaki,South Taranaki District,999,879,1132,883,777
221800,Ramanui,Taranaki,South Taranaki District,1377,1218,1581,871,770
221900,Hawera Central,Taranaki,South Taranaki District,1663,1468,1878,886,782
222000,Mangawhio,Taranaki,South Taranaki District,453,374,542,836,690
222100,Manutahi-Waitotora,Taranaki,South Taranaki District,1378,1215,1622,850,749
222200,Patea,Taranaki,South Taranaki District,826,708,990,834,715
222300,Otangiwai-Ohura,Waikato,Ruapehu District,600,482,805,745,599
222400,Ngapuke,Waikato,Ruapehu District,801,685,1034,775,662
222500,Taumarunui North,Waikato,Ruapehu District,1127,959,1397,807,686
222600,Taumarunui Central,Waikato,Ruapehu District,1029,888,1252,822,709
222700,Taumarunui East,Waikato,Ruapehu District,928,749,1303,712,575
222800,National Park,Waikato,Ruapehu District,695,609,785,885,776
222900,Tangiwai,Whanganui,Ruapehu District,827,721,1048,789,688
223000,Raetihi,Whanganui,Ruapehu District,583,436,864,675,505
223100,Ohakune,Whanganui,Ruapehu District,850,733,989,859,741
223200,Waiouru,Whanganui,Ruapehu District,392,344,448,875,768
223300,Upper Whanganui,Whanganui,Whanganui District,759,663,945,803,702
223400,Mowhanau,Whanganui,Whanganui District,1012,904,1184,855,764
223500,Brunswick-Papaiti,Whanganui,Whanganui District,1222,1131,1339,913,845
223600,Castlecliff West,Whanganui,Whanganui District,1101,942,1444,762,652
223700,Otamatea (Whanganui District),Whanganui,Whanganui District,1498,1407,1635,916,861
223800,Castlecliff East,Whanganui,Whanganui District,1190,1006,1617,736,622
223900,Springvale North,Whanganui,Whanganui District,284,273,331,858,825
224000,Lower Aramoho,Whanganui,Whanganui District,1320,1097,1613,818,680
224100,St Johns Hill East,Whanganui,Whanganui District,1013,964,1082,936,891
224200,St Johns Hill West,Whanganui,Whanganui District,1774,1656,1965,903,843
224300,Titoki,Whanganui,Whanganui District,2159,1859,2673,808,695
224400,Springvale West,Whanganui,Whanganui District,1257,1172,1412,890,830
224500,Springvale East,Whanganui,Whanganui District,1244,1136,1345,925,845
224600,Upper Aramoho,Whanganui,Whanganui District,1539,1352,1901,810,711
224700,Balgownie,Whanganui,Whanganui District,85,74,119,714,622
224800,Laird Park,Whanganui,Whanganui District,1518,1329,1934,785,687
224900,Wembley Park,Whanganui,Whanganui District,1127,966,1466,769,659
225000,College Estate,Whanganui,Whanganui District,978,877,1111,880,789
225100,Whanganui East-Williams Domain,Whanganui,Whanganui District,1618,1445,1998,810,723
225200,Gonville West,Whanganui,Whanganui District,1045,857,1487,703,576
225300,Gonville North,Whanganui,Whanganui District,1741,1511,2167,803,697
225400,Cornmarket,Whanganui,Whanganui District,1046,949,1241,843,765
225500,Whanganui East-Riverlands,Whanganui,Whanganui District,1616,1397,1886,857,741
225600,Kaitoke-Fordell,Whanganui,Whanganui District,1156,1025,1361,849,753
225700,Whanganui Central,Whanganui,Whanganui District,486,423,554,877,764
225800,Gonville South,Whanganui,Whanganui District,1396,1229,1732,806,710
225900,Bastia-Durie Hill,Whanganui,Whanganui District,1665,1507,1912,871,788
226000,Putiki,Whanganui,Whanganui District,547,500,633,864,790
226100,Mokai Patea,Whanganui,Rangitikei District,1145,1026,1307,876,785
226200,Ngamatea,Whanganui,Rangitikei District,10,6,14,714,429
226300,Turakina,Whanganui,Rangitikei District,907,808,1087,834,743
226400,Otairi,Whanganui,Rangitikei District,900,799,1059,850,754
226500,Taihape,Whanganui,Rangitikei District,1171,1009,1433,817,704
226600,Marton Rural,Whanganui,Rangitikei District,766,704,847,904,831
226700,Marton North,Whanganui,Rangitikei District,2357,2153,2700,873,797
226800,Parewanui,Whanganui,Rangitikei District,603,541,716,842,756
226900,Marton South,Whanganui,Rangitikei District,1546,1343,1892,817,710
227000,Bulls,Whanganui,Rangitikei District,1429,1272,1633,875,779
227100,Kiwitea,MidCentral,Manawatu District,1070,914,1219,878,750
227200,Tokorangi,MidCentral,Manawatu District,1685,1517,1912,881,793
227300,Ohakea-Sanson,MidCentral,Manawatu District,933,824,1025,910,804
227400,Oroua Downs,MidCentral,Manawatu District,962,857,1089,883,787
227500,Awahuri,MidCentral,Manawatu District,1536,1358,1730,888,785
227600,Pohangina-Apiti,MidCentral,Manawatu District,839,745,995,843,749
227700,Mount Taylor,MidCentral,Manawatu District,masked,398,448,>950,888
227800,Taikorea,MidCentral,Manawatu District,925,826,1053,878,784
227900,Makino,MidCentral,Manawatu District,2209,1934,2496,885,775
228000,Sandon,MidCentral,Manawatu District,1780,1603,1943,916,825
228100,Kimbolton North,MidCentral,Manawatu District,2643,2419,2944,898,822
228200,Warwick,MidCentral,Manawatu District,1152,1058,1306,882,810
228300,Kimbolton West,MidCentral,Manawatu District,1860,1631,2119,878,770
228400,Feilding Central,MidCentral,Manawatu District,711,605,820,867,738
228500,Kimbolton South,MidCentral,Manawatu District,1542,1356,1758,877,771
228600,Kauwhata,MidCentral,Manawatu District,1461,1294,1660,880,780
228700,Taonui,MidCentral,Manawatu District,1341,1206,1468,913,822
228800,Newbury,MidCentral,Palmerston North City,1379,1175,1595,865,737
228900,Palmerston North Airport,MidCentral,Palmerston North City,248,232,267,929,869
229000,Milson North,MidCentral,Palmerston North City,1869,1679,2027,922,828
229100,Cloverlea (Palmerston North City),MidCentral,Palmerston North City,1430,1255,1589,900,790
229200,Tremaine,MidCentral,Palmerston North City,470,393,571,823,688
229300,Milson South,MidCentral,Palmerston North City,2240,2011,2486,901,809
229400,Whakarongo,MidCentral,Palmerston North City,1342,1219,1458,920,836
229500,Westbrook,MidCentral,Palmerston North City,2072,1765,2419,857,730
229600,Takaro North,MidCentral,Palmerston North City,2348,2069,2656,884,779
229700,Pioneer West,MidCentral,Palmerston North City,201,184,228,882,807
229800,Palmerston North Hospital,MidCentral,Palmerston North City,2018,1859,2134,946,871
229900,Highbury East,MidCentral,Palmerston North City,1864,1524,2354,792,647
230000,Park West,MidCentral,Palmerston North City,1493,1356,1670,894,812
230100,Takaro South,MidCentral,Palmerston North City,1841,1606,2050,898,783
230200,Roslyn (Palmerston North City),MidCentral,Palmerston North City,1775,1550,2042,869,759
230300,Kelvin Grove West,MidCentral,Palmerston North City,1809,1538,2032,890,757
230400,Kelvin Grove North,MidCentral,Palmerston North City,masked,1650,1860,>950,887
230500,Papaioea North,MidCentral,Palmerston North City,1872,1674,2028,923,825
230600,Palmerston North Central,MidCentral,Palmerston North City,871,743,990,880,751
230700,Awapuni North ,MidCentral,Palmerston North City,2510,2147,2837,885,757
230800,Terrace End,MidCentral,Palmerston North City,2501,2174,2853,877,762
230900,Maraetarata,MidCentral,Palmerston North City,1113,1028,1209,921,850
231000,Papaioea South,MidCentral,Palmerston North City,1559,1392,1661,939,838
231100,Royal Oak (Palmerston North City),MidCentral,Palmerston North City,masked,1870,2056,>950,910
231200,West End,MidCentral,Palmerston North City,2194,1936,2369,926,817
231300,Awapuni South ,MidCentral,Palmerston North City,2627,2371,2802,938,846
231400,Milverton,MidCentral,Palmerston North City,masked,1413,1589,>950,889
231500,Ruamahanga,MidCentral,Palmerston North City,2039,1806,2211,922,817
231600,Esplanade,MidCentral,Palmerston North City,1580,1433,1688,936,849
231700,Hokowhitu Central,MidCentral,Palmerston North City,masked,1893,2050,>950,923
231800,Hokowhitu East,MidCentral,Palmerston North City,masked,2302,2646,>950,870
231900,Turitea,MidCentral,Palmerston North City,masked,masked,387,>950,>950
232000,Ruahine,MidCentral,Palmerston North City,1349,1293,1422,949,909
232100,Linton Camp,MidCentral,Palmerston North City,masked,masked,513,>950,>950
232200,Ashhurst,MidCentral,Palmerston North City,2230,1989,2428,918,819
232300,Hokowhitu South,MidCentral,Palmerston North City,1473,1337,1629,904,821
232400,Aokautere,MidCentral,Palmerston North City,616,577,683,902,845
232500,Pihauatua,MidCentral,Palmerston North City,masked,947,1059,>950,894
232600,Aokautere Rural,MidCentral,Palmerston North City,561,515,614,914,839
232700,Poutoa,MidCentral,Palmerston North City,masked,2960,3181,>950,931
232800,Norsewood,MidCentral,Tararua District,1108,973,1329,834,732
232900,Papatawa,MidCentral,Tararua District,989,873,1136,871,768
233000,Mangatainoka,MidCentral,Tararua District,1268,1096,1458,870,752
233100,Woodville,MidCentral,Tararua District,1131,998,1379,820,724
233200,Dannevirke West,MidCentral,Tararua District,1636,1439,1863,878,772
233300,Dannevirke East,MidCentral,Tararua District,2395,2074,2832,846,732
233400,Waitahora,MidCentral,Tararua District,416,361,497,837,726
233500,Kaitawa,MidCentral,Tararua District,413,336,502,823,669
233600,Pahiatua,MidCentral,Tararua District,1913,1664,2216,863,751
233700,Nireaha-Eketahuna,MidCentral,Tararua District,1005,848,1236,813,686
233800,Owhanga,MidCentral,Tararua District,416,350,544,765,643
233900,Mara,MidCentral,Tararua District,5 or less,5 or less,masked,500,250
234000,Kere Kere,MidCentral,Horowhenua District,673,600,752,895,798
234100,Foxton Beach,MidCentral,Horowhenua District,1547,1403,1772,873,792
234200,Foxton North,MidCentral,Horowhenua District,927,779,1194,776,652
234300,Foxton South,MidCentral,Horowhenua District,1296,1102,1576,822,699
234400,Waitarere,MidCentral,Horowhenua District,1739,1571,2005,867,784
234500,Waikawa (Horowhenua District),MidCentral,Horowhenua District,598,520,712,840,730
234600,Miranui,MidCentral,Horowhenua District,1228,1060,1330,923,797
234700,Donnelly Park,MidCentral,Horowhenua District,905,779,1066,849,731
234800,Ohau-Manakau,MidCentral,Horowhenua District,2006,1844,2212,907,834
234900,Kawiu South,MidCentral,Horowhenua District,1735,1549,1976,878,784
235000,Makomako,MidCentral,Horowhenua District,963,828,1156,833,716
235100,Kawiu North,MidCentral,Horowhenua District,1407,1278,1581,890,808
235200,Levin Central,MidCentral,Horowhenua District,805,721,964,835,748
235300,Tararua,MidCentral,Horowhenua District,906,805,1088,833,740
235400,Shannon,MidCentral,Horowhenua District,940,714,1199,784,595
235500,Queenwood (Horowhenua District),MidCentral,Horowhenua District,1493,1333,1765,846,755
235600,Playford Park,MidCentral,Horowhenua District,1242,1082,1509,823,717
235700,Fairfield (Horowhenua District),MidCentral,Horowhenua District,1085,954,1248,869,764
235800,Taitoko,MidCentral,Horowhenua District,1121,923,1436,781,643
235900,Waiopehu,MidCentral,Horowhenua District,1025,913,1223,838,747
236000,Makahika,MidCentral,Horowhenua District,827,737,951,870,775
236100,Kimberley,MidCentral,Horowhenua District,321,286,375,856,763
236300,Otaki Beach,MidCentral,Kapiti Coast District,1332,1157,1628,818,711
236400,Forest Lakes (Kapiti Coast District),MidCentral,Kapiti Coast District,503,462,595,845,776
236500,Otaki,MidCentral,Kapiti Coast District,2587,2233,3057,846,730
236600,Te Horo,Capital and Coast,Kapiti Coast District,1113,1012,1310,850,773
236600,Te Horo,MidCentral,Kapiti Coast District,1113,1012,1310,850,773
236700,Waitohu,MidCentral,Kapiti Coast District,752,673,880,855,765
236800,Waikanae Beach,Capital and Coast,Kapiti Coast District,2679,2505,2959,905,847
236900,Peka Peka,Capital and Coast,Kapiti Coast District,548,513,596,919,861
237000,Paraparaumu Beach North,Capital and Coast,Kapiti Coast District,3158,2864,3474,909,824
237100,Paraparaumu Beach West,Capital and Coast,Kapiti Coast District,1955,1812,2174,899,833
237200,Waikanae Park,Capital and Coast,Kapiti Coast District,1822,1702,2017,903,844
237300,Paraparaumu Beach East,Capital and Coast,Kapiti Coast District,2178,2027,2337,932,867
237400,Otaihanga,Capital and Coast,Kapiti Coast District,667,603,751,888,803
237500,Paraparaumu North,Capital and Coast,Kapiti Coast District,2876,2671,3145,914,849
237600,Waikanae West,Capital and Coast,Kapiti Coast District,3658,3424,4013,912,853
237700,Otaki Forks,MidCentral,Kapiti Coast District,621,569,693,896,821
237800,Paraparaumu Central,Capital and Coast,Kapiti Coast District,3067,2811,3397,903,827
237900,Maungakotukutuku,Capital and Coast,Kapiti Coast District,1060,982,1205,880,815
238000,Raumati Beach West,Capital and Coast,Kapiti Coast District,2361,2208,2529,934,873
238100,Waikanae East,Capital and Coast,Kapiti Coast District,1954,1803,2152,908,838
238200,Tararua Forest Park ,MidCentral,Kapiti Coast District,5 or less,5 or less,masked,<50,<50
238200,Tararua Forest Park ,Capital and Coast,Kapiti Coast District,5 or less,5 or less,masked,<50,<50
238300,Raumati Beach East,Capital and Coast,Kapiti Coast District,1877,1726,2050,916,842
238400,Paraparaumu East,Capital and Coast,Kapiti Coast District,1552,1388,1864,833,745
238500,Raumati South,Capital and Coast,Kapiti Coast District,2836,2588,3156,899,820
238600,Paekakariki,Capital and Coast,Kapiti Coast District,1303,1186,1442,904,822
238800,Pukerua Bay,Capital and Coast,Porirua City,1331,1225,1453,916,843
238900,Paekakariki Hill,Capital and Coast,Porirua City,masked,288,324,>950,889
239000,Plimmerton,Capital and Coast,Porirua City,1744,1633,1885,925,866
239100,Titahi Bay North,Capital and Coast,Porirua City,1978,1741,2222,890,784
239200,Titahi Bay South,Capital and Coast,Porirua City,2678,2352,3057,876,769
239300,Elsdon-Takapuwahia,Capital and Coast,Porirua City,1727,1465,2014,857,727
239400,Pauatahanui,Capital and Coast,Porirua City,774,726,826,937,879
239500,Onepoto,Capital and Coast,Porirua City,1464,1308,1601,914,817
239600,Camborne,Capital and Coast,Porirua City,1563,1459,1660,942,879
239800,Paremata,Capital and Coast,Porirua City,masked,1902,2098,>950,907
239900,Porirua Central,Capital and Coast,Porirua City,428,381,453,945,841
240000,Papakowhai,Capital and Coast,Porirua City,1873,1758,2012,931,874
240100,Aotea,Capital and Coast,Porirua City,masked,2855,3087,>950,925
240200,Postgate,Capital and Coast,Porirua City,2098,1909,2278,921,838
240300,Ascot Park,Capital and Coast,Porirua City,1986,1711,2348,846,729
240400,Whitby,Capital and Coast,Porirua City,2482,2334,2623,946,890
240500,Porirua East,Capital and Coast,Porirua City,1486,1256,1789,831,702
240600,Endeavour,Capital and Coast,Porirua City,masked,4007,4432,>950,904
240700,Cannons Creek North,Capital and Coast,Porirua City,2189,1787,2729,802,655
240800,Waitangirua,Capital and Coast,Porirua City,2727,2204,3469,786,635
240900,Ranui Heights ,Capital and Coast,Porirua City,964,877,1094,881,802
241000,Cannons Creek East,Capital and Coast,Porirua City,2511,2078,3088,813,673
241100,Cannons Creek South,Capital and Coast,Porirua City,1097,874,1365,804,640
241200,Akatarawa,Hutt Valley,Upper Hutt City,516,457,569,907,803
241300,Riverstone Terraces,Hutt Valley,Upper Hutt City,1414,1321,1495,946,884
241400,Heretaunga,Hutt Valley,Upper Hutt City,1967,1802,2138,920,843
241500,Birchville-Brown Owl,Hutt Valley,Upper Hutt City,2710,2400,3006,902,798
241600,Poets Block,Hutt Valley,Upper Hutt City,1874,1706,2042,918,835
241700,Brentwood (Upper Hutt City),Hutt Valley,Upper Hutt City,1750,1536,1933,905,795
241800,Silverstream (Upper Hutt City),Hutt Valley,Upper Hutt City,2905,2726,3089,940,882
241900,Elderslea,Hutt Valley,Upper Hutt City,2588,2324,2927,884,794
242000,Trentham North,Hutt Valley,Upper Hutt City,2520,2280,2796,901,815
242100,Totara Park,Hutt Valley,Upper Hutt City,2142,1926,2339,916,823
242200,Trentham South,Hutt Valley,Upper Hutt City,masked,1216,1353,>950,899
242300,Mangaroa,Hutt Valley,Upper Hutt City,1620,1469,1755,923,837
242400,Ebdentown,Hutt Valley,Upper Hutt City,1939,1772,2123,913,835
242500,Wallaceville,Hutt Valley,Upper Hutt City,1865,1642,2029,919,809
242600,Maoribank,Hutt Valley,Upper Hutt City,2427,2139,2739,886,781
242700,Te Marua,Hutt Valley,Upper Hutt City,737,659,837,881,787
242800,Pinehaven,Hutt Valley,Upper Hutt City,1520,1390,1630,933,853
242900,Clouston Park,Hutt Valley,Upper Hutt City,1736,1574,1938,896,812
243000,Upper Hutt Central,Hutt Valley,Upper Hutt City,489,442,538,909,822
243100,Belmont Park,Hutt Valley,Lower Hutt City,masked,246,290,>950,848
243200,Maungaraki,Hutt Valley,Lower Hutt City,3146,2951,3331,944,886
243300,Korokoro,Hutt Valley,Lower Hutt City,1131,1051,1213,932,866
243400,Kelson,Hutt Valley,Lower Hutt City,2205,2042,2355,936,867
243500,Normandale,Hutt Valley,Lower Hutt City,masked,1591,1766,>950,901
243600,Belmont (Lower Hutt City),Hutt Valley,Lower Hutt City,2148,1958,2296,936,853
243700,Petone Central,Hutt Valley,Lower Hutt City,masked,714,804,>950,888
243800,Tirohanga,Hutt Valley,Lower Hutt City,1001,917,1100,910,834
243900,Manor Park,Hutt Valley,Lower Hutt City,masked,376,430,>950,874
244000,Alicetown-Melling,Hutt Valley,Lower Hutt City,masked,2040,2308,>950,884
244100,Taita North,Hutt Valley,Lower Hutt City,2259,1995,2610,866,764
244200,Boulcott,Hutt Valley,Lower Hutt City,2207,2067,2334,946,886
244300,Hutt Central North,Hutt Valley,Lower Hutt City,893,799,949,941,842
244400,Avalon West,Hutt Valley,Lower Hutt City,2245,2080,2413,930,862
244500,Stokes Valley Central,Hutt Valley,Lower Hutt City,1547,1364,1794,862,760
244600,Taita South,Hutt Valley,Lower Hutt City,2114,1825,2570,823,710
244700,Petone East,Hutt Valley,Lower Hutt City,masked,3084,3460,>950,891
244800,Hutt Central South,Hutt Valley,Lower Hutt City,2779,2655,2935,947,905
244900,Stokes Valley North,Hutt Valley,Lower Hutt City,2647,2372,2981,888,796
245000,Petone Esplanade,Hutt Valley,Lower Hutt City,masked,1947,2213,>950,880
245100,Epuni West,Hutt Valley,Lower Hutt City,2594,2411,2789,930,864
245200,Avalon East,Hutt Valley,Lower Hutt City,1880,1684,2096,897,803
245300,Woburn,Hutt Valley,Lower Hutt City,1469,1384,1562,940,886
245400,Naenae Central,Hutt Valley,Lower Hutt City,2489,2151,2876,865,748
245500,Waterloo West,Hutt Valley,Lower Hutt City,masked,1868,2063,>950,905
245600,Epuni East,Hutt Valley,Lower Hutt City,2343,2158,2539,923,850
245700,Gracefield,Hutt Valley,Lower Hutt City,126,115,141,894,816
245700,Gracefield,Area outside District Health Board,Lower Hutt City,128,115,141,908,816
245800,Moera,Hutt Valley,Lower Hutt City,1263,1125,1401,901,803
245900,Delaney,Hutt Valley,Lower Hutt City,1738,1465,2127,817,689
246000,Waiwhetu,Hutt Valley,Lower Hutt City,3445,3158,3733,923,846
246100,Waterloo East,Hutt Valley,Lower Hutt City,2457,2282,2680,917,851
246200,Naenae North,Hutt Valley,Lower Hutt City,1793,1531,2126,843,720
246300,Manuka,Hutt Valley,Lower Hutt City,1424,1297,1571,906,826
246400,Naenae South,Hutt Valley,Lower Hutt City,1784,1526,2158,827,707
246600,Arakura,Hutt Valley,Lower Hutt City,1963,1722,2286,859,753
246700,Eastern Bays ,Hutt Valley,Lower Hutt City,1765,1688,1859,949,908
246800,Pencarrow,Hutt Valley,Lower Hutt City,490,417,571,858,730
246900,Wainuiomata West,Hutt Valley,Lower Hutt City,2764,2434,3111,888,782
247000,Glendale,Hutt Valley,Lower Hutt City,2891,2529,3396,851,745
247100,Wainuiomata Central,Hutt Valley,Lower Hutt City,1338,1200,1538,870,780
247200,Eastbourne,Hutt Valley,Lower Hutt City,masked,2239,2416,>950,927
247300,Homedale East,Hutt Valley,Lower Hutt City,2215,1947,2558,866,761
247400,Homedale West,Hutt Valley,Lower Hutt City,1856,1634,2228,833,733
247500,Makara-Ohariu,Capital and Coast,Wellington City,834,767,906,921,847
247600,Tawa North,Capital and Coast,Wellington City,masked,2325,2639,>950,881
247700,Linden,Capital and Coast,Wellington City,2474,2225,2691,919,827
247800,Tawa South,Capital and Coast,Wellington City,masked,2668,2955,>950,903
247900,Tawa Central,Capital and Coast,Wellington City,masked,2083,2371,>950,879
248000,Grenada North,Capital and Coast,Wellington City,1981,1855,2116,936,877
248100,Churton Park North,Capital and Coast,Wellington City,3675,3507,3874,949,905
248200,Takapu-Horokiwi,Capital and Coast,Wellington City,233,211,246,947,858
248300,Churton Park South,Capital and Coast,Wellington City,masked,2742,2919,>950,939
248400,Johnsonville West,Capital and Coast,Wellington City,masked,2693,2987,>950,902
248500,Grenada Village,Capital and Coast,Wellington City,masked,1323,1473,>950,898
248600,Johnsonville North,Capital and Coast,Wellington City,masked,2487,2715,>950,916
248700,Paparangi,Capital and Coast,Wellington City,masked,2267,2513,>950,902
248800,Ngaio North,Capital and Coast,Wellington City,masked,2024,2145,>950,944
248900,Johnsonville Central,Capital and Coast,Wellington City,2330,2163,2479,940,873
249000,Broadmeadows,Capital and Coast,Wellington City,masked,1365,1480,>950,922
249100,Crofton Downs,Capital and Coast,Wellington City,masked,1296,1379,>950,940
249200,Johnsonville South,Capital and Coast,Wellington City,1527,1423,1641,931,867
249300,Khandallah Reserve,Capital and Coast,Wellington City,masked,masked,1881,>950,>950
249400,Karori Park,Capital and Coast,Wellington City,3601,3374,3791,950,890
249500,Newlands North,Capital and Coast,Wellington City,masked,2815,3148,>950,894
249600,Ngaio South,Capital and Coast,Wellington City,masked,2567,2702,>950,950
249700,Newlands South,Capital and Coast,Wellington City,3320,3089,3498,949,883
249800,Woodridge,Capital and Coast,Wellington City,masked,1409,1504,>950,937
249900,Karori North,Capital and Coast,Wellington City,masked,masked,2248,>950,>950
250000,Khandallah North,Capital and Coast,Wellington City,masked,2242,2365,>950,948
250100,Wilton,Capital and Coast,Wellington City,masked,1690,1892,>950,893
250200,Khandallah South,Capital and Coast,Wellington City,masked,1654,1763,>950,938
250300,Wadestown,Capital and Coast,Wellington City,masked,3223,3417,>950,943
250400,Karori South,Capital and Coast,Wellington City,masked,3534,3754,>950,941
250500,Onslow,Capital and Coast,Wellington City,masked,masked,1603,>950,>950
250600,Karori East,Capital and Coast,Wellington City,masked,3011,3220,>950,935
250700,Pipitea-Kaiwharawhara,Capital and Coast,Wellington City,782,742,825,948,899
250800,Northland (Wellington City),Capital and Coast,Wellington City,masked,2814,2985,>950,943
250900,Thorndon,Capital and Coast,Wellington City,masked,3341,3564,>950,937
251000,Wellington Botanic Gardens,Capital and Coast,Wellington City,masked,849,909,>950,934
251100,Kelburn,Capital and Coast,Wellington City,masked,1750,1861,>950,940
251200,Aro Valley,Capital and Coast,Wellington City,masked,2844,3146,>950,904
251300,Wellington University,Capital and Coast,Wellington City,masked,1191,1337,>950,891
251400,Wellington Central,Capital and Coast,Wellington City,masked,2582,2875,>950,898
251500,Brooklyn North,Capital and Coast,Wellington City,masked,1773,1895,>950,936
251600,Dixon Street,Capital and Coast,Wellington City,masked,3600,3998,>950,900
251700,Vivian West,Capital and Coast,Wellington City,masked,2643,2942,>950,898
251800,Courtenay,Capital and Coast,Wellington City,masked,1361,1536,>950,886
251900,Brooklyn East,Capital and Coast,Wellington City,masked,2197,2395,>950,917
252000,Mount Cook West,Capital and Coast,Wellington City,masked,3176,3656,>950,869
252100,Vivian East,Capital and Coast,Wellington City,masked,1890,2043,>950,925
252200,Brooklyn South,Capital and Coast,Wellington City,masked,1434,1579,>950,908
252300,Oriental Bay,Capital and Coast,Wellington City,masked,1212,1325,>950,915
252400,Mount Cook East,Capital and Coast,Wellington City,masked,2007,2307,>950,870
252500,Mount Victoria,Capital and Coast,Wellington City,masked,3618,4008,>950,903
252600,Roseneath ,Capital and Coast,Wellington City,1522,1430,1635,931,875
252700,Owhiro Bay,Capital and Coast,Wellington City,1696,1563,1786,950,875
252800,Kingston-Mornington-Vogeltown,Capital and Coast,Wellington City,masked,2472,2761,>950,895
252900,Newtown North,Capital and Coast,Wellington City,1750,1587,1876,933,846
253000,Newtown West,Capital and Coast,Wellington City,masked,2673,3033,>950,881
253100,Hataitai North,Capital and Coast,Wellington City,masked,3165,3466,>950,913
253200,Evans Bay,Capital and Coast,Wellington City,masked,896,998,>950,898
253300,Berhampore,Capital and Coast,Wellington City,3116,2822,3383,921,834
253400,Hataitai South,Capital and Coast,Wellington City,masked,1166,1292,>950,902
253500,Maupuia,Capital and Coast,Wellington City,1331,1230,1403,949,877
253600,Newtown South,Capital and Coast,Wellington City,2940,2682,3149,934,852
253700,Kilbirnie Central,Capital and Coast,Wellington City,2268,2077,2442,929,851
253800,Island Bay West,Capital and Coast,Wellington City,masked,2564,2846,>950,901
253900,Melrose,Capital and Coast,Wellington City,masked,1002,1129,>950,888
254000,Island Bay East,Capital and Coast,Wellington City,masked,2887,3204,>950,901
254100,Miramar North,Capital and Coast,Wellington City,1092,991,1172,932,846
254200,Kilbirnie East,Capital and Coast,Wellington City,1682,1518,1802,933,842
254300,Lyall Bay,Capital and Coast,Wellington City,masked,1969,2243,>950,878
254400,Miramar Central,Capital and Coast,Wellington City,1602,1488,1710,937,870
254500,Southgate,Capital and Coast,Wellington City,masked,884,1007,>950,878
254600,Karaka Bay-Worser Bay,Capital and Coast,Wellington City,masked,1266,1362,>950,930
254700,Houghton Bay,Capital and Coast,Wellington City,masked,1264,1428,>950,885
254800,Miramar East,Capital and Coast,Wellington City,masked,2254,2520,>950,894
254900,Miramar South,Capital and Coast,Wellington City,2875,2644,3031,949,872
255000,Rongotai,Capital and Coast,Wellington City,34,29,39,872,744
255100,Strathmore (Wellington City),Capital and Coast,Wellington City,3014,2699,3294,915,819
255200,Seatoun,Capital and Coast,Wellington City,masked,1888,2001,>950,944
255300,Kopuaranga,Wairarapa,Masterton District,720,642,811,888,792
255400,Upper Plain,Wairarapa,Masterton District,1019,925,1106,921,836
255500,Opaki,Wairarapa,Masterton District,masked,946,1046,>950,904
255600,Ngaumutawa,Wairarapa,Masterton District,1249,1099,1411,885,779
255700,Solway North,Wairarapa,Masterton District,1749,1506,2011,870,749
255800,Lansdowne West,Wairarapa,Masterton District,1310,1159,1457,899,795
255900,Masterton Central,Wairarapa,Masterton District,524,444,636,824,698
256000,Kuripuni,Wairarapa,Masterton District,1287,1178,1438,895,819
256100,Douglas Park,Wairarapa,Masterton District,1571,1355,1768,889,766
256200,Solway South,Wairarapa,Masterton District,2861,2416,3262,877,741
256300,Lansdowne East,Wairarapa,Masterton District,2251,1991,2521,893,790
256400,Cameron and Soldiers Park,Wairarapa,Masterton District,1661,1403,1909,870,735
256500,Whareama,Wairarapa,Masterton District,993,870,1152,862,755
256600,Homebush-Te Ore Ore,Wairarapa,Masterton District,865,784,985,878,796
256700,McJorrow Park,Wairarapa,Masterton District,1059,812,1350,784,601
256800,Mount Holdsworth,Wairarapa,Carterton District,1425,1276,1644,867,776
256900,Carterton North,Wairarapa,Carterton District,2132,1918,2328,916,824
257000,Kokotau,Wairarapa,Carterton District,917,810,1060,865,764
257100,Carterton South,Wairarapa,Carterton District,2339,2048,2627,890,780
257200,Gladstone (Carterton District),Wairarapa,Carterton District,683,590,741,922,796
257300,Tauherenikau,Wairarapa,South Wairarapa District,1138,1051,1274,893,825
257400,Kahutara,Wairarapa,South Wairarapa District,831,709,910,913,779
257500,Featherston,Wairarapa,South Wairarapa District,1956,1691,2264,864,747
257700,Greytown,Wairarapa,South Wairarapa District,2137,1982,2349,910,844
257800,Aorangi Forest,Wairarapa,South Wairarapa District,1262,1147,1357,930,845
257900,Martinborough,Wairarapa,South Wairarapa District,1505,1398,1614,932,866
300300,Golden Bay/Mohua,Nelson Marlborough,Tasman District,1612,1386,2132,756,650
300500,Takaka,Nelson Marlborough,Tasman District,895,765,1177,760,650
300600,Pohara-Abel Tasman,Nelson Marlborough,Tasman District,1030,903,1388,742,651
300700,Takaka Hills,Nelson Marlborough,Tasman District,768,662,1042,737,635
300800,Kaiteriteri-Riwaka,Nelson Marlborough,Tasman District,masked,1347,1538,>950,876
300900,Upper Moutere,Nelson Marlborough,Tasman District,1188,1053,1658,717,635
301000,Lower Moutere,Nelson Marlborough,Tasman District,1115,1005,1380,808,728
301100,Motueka North,Nelson Marlborough,Tasman District,1762,1590,2085,845,763
301200,Motueka West,Nelson Marlborough,Tasman District,1704,1478,2146,794,689
301300,Motueka East,Nelson Marlborough,Tasman District,2302,2108,2656,867,794
301500,Golden Downs,Nelson Marlborough,Tasman District,1220,1034,1588,768,651
301600,Moutere Hills,Nelson Marlborough,Tasman District,2662,2444,3061,870,798
301700,Ruby Bay-Mapua,Nelson Marlborough,Tasman District,2124,1965,2372,895,828
301800,Murchison-Nelson Lakes,Nelson Marlborough,Tasman District,925,840,1145,808,734
301900,Inlet Waimea West,Nelson Marlborough,Tasman District,5 or less,5 or less,masked,>950,>950
302000,Islands Tasman District,Nelson Marlborough,Tasman District,66,62,89,742,697
302100,Waimea West,Nelson Marlborough,Tasman District,912,836,970,940,862
302200,Appleby,Nelson Marlborough,Tasman District,591,528,644,918,820
302300,Wakefield,Nelson Marlborough,Tasman District,1761,1546,2140,823,722
302400,Richmond West (Tasman District),Nelson Marlborough,Tasman District,1391,1278,1526,912,837
302500,Wakefield Rural,Nelson Marlborough,Tasman District,922,800,1119,824,715
302600,Brightwater,Nelson Marlborough,Tasman District,1491,1309,1743,855,751
302700,Hope,Nelson Marlborough,Tasman District,717,639,781,918,818
302800,Richmond Central (Tasman District),Nelson Marlborough,Tasman District,1407,1265,1618,870,782
302900,Ben Cooper Park,Nelson Marlborough,Tasman District,1725,1547,1933,892,800
303000,Richmond South (Tasman District),Nelson Marlborough,Tasman District,703,636,788,892,807
303100,Wilkes Park,Nelson Marlborough,Tasman District,1769,1611,1977,895,815
303200,Templemore,Nelson Marlborough,Tasman District,1735,1614,1832,947,881
303300,Easby Park,Nelson Marlborough,Tasman District,1937,1714,2239,865,766
303400,Fairose,Nelson Marlborough,Tasman District,1506,1433,1613,934,888
303500,Aniseed Valley,Nelson Marlborough,Tasman District,347,308,397,874,776
303600,Nelson Rural,Nelson Marlborough,Nelson City,1432,1282,1696,844,756
303700,Inlets Nelson City,Nelson Marlborough,Nelson City,5 or less,5 or less,masked,500,500
303800,Marybank,Nelson Marlborough,Nelson City,856,794,980,873,810
303900,Port Nelson,Nelson Marlborough,Nelson City,masked,masked,40,>950,>950
304000,Nelson Airport,Nelson Marlborough,Nelson City,61,42,89,685,472
304100,Tahunanui,Nelson Marlborough,Nelson City,1951,1696,2318,842,732
304200,Britannia,Nelson Marlborough,Nelson City,1401,1275,1560,898,817
304300,Atawhai,Nelson Marlborough,Nelson City,2296,2143,2504,917,856
304400,Broadgreen-Monaco,Nelson Marlborough,Nelson City,1853,1651,2142,865,771
304500,Washington,Nelson Marlborough,Nelson City,1995,1708,2316,861,737
304600,Tahuna Hills,Nelson Marlborough,Nelson City,2335,2141,2662,877,804
304700,Nelson Central-Trafalgar,Nelson Marlborough,Nelson City,619,554,672,921,824
304800,The Wood,Nelson Marlborough,Nelson City,2425,2218,2662,911,833
304900,Toi Toi,Nelson Marlborough,Nelson City,1169,1053,1326,882,794
305000,Nayland,Nelson Marlborough,Nelson City,1562,1383,1735,900,797
305100,Aldinga,Nelson Marlborough,Nelson City,2576,2369,2804,919,845
305200,Victory,Nelson Marlborough,Nelson City,1128,998,1310,861,762
305300,Rutherford,Nelson Marlborough,Nelson City,2133,1966,2277,937,863
305400,Maitlands,Nelson Marlborough,Nelson City,1638,1465,1871,875,783
305500,Maitai,Nelson Marlborough,Nelson City,1042,949,1133,920,838
305600,Grampians,Nelson Marlborough,Nelson City,1880,1675,2154,873,778
305700,Saxton,Nelson Marlborough,Nelson City,masked,masked,64,>950,>950
305800,Suffolk,Nelson Marlborough,Nelson City,2191,2013,2484,882,810
305900,Omaio,Nelson Marlborough,Nelson City,2872,2630,3220,892,817
306000,Enner Glynn,Nelson Marlborough,Nelson City,2262,1996,2554,886,782
306100,Daelyn,Nelson Marlborough,Nelson City,923,879,981,941,896
306200,The Brook,Nelson Marlborough,Nelson City,1385,1243,1554,891,800
306300,Marlborough Sounds West,Nelson Marlborough,Marlborough District,1336,1145,1714,779,668
306500,Marlborough Sounds East,Nelson Marlborough,Marlborough District,1389,1248,1613,861,774
306600,Upper Wairau ,Nelson Marlborough,Marlborough District,1469,1316,1656,887,795
306700,Waikawa (Marlborough District),Nelson Marlborough,Marlborough District,1217,1124,1397,871,805
306800,Waitohi (Marlborough District),Nelson Marlborough,Marlborough District,2401,2146,2821,851,761
306900,Tuamarina,Nelson Marlborough,Marlborough District,969,874,1123,863,778
307000,Awatere,Nelson Marlborough,Marlborough District,1195,1052,1327,901,793
307100,Renwick,Nelson Marlborough,Marlborough District,1793,1636,2008,893,815
307200,Lower Wairau ,Nelson Marlborough,Marlborough District,masked,1015,1071,>950,948
307300,Woodbourne,Nelson Marlborough,Marlborough District,masked,1757,1961,>950,896
307400,Spring Creek-Grovetown,Nelson Marlborough,Marlborough District,861,778,918,938,847
307500,Springlands,Nelson Marlborough,Marlborough District,2916,2708,3128,932,866
307600,Yelverton,Nelson Marlborough,Marlborough District,2020,1860,2247,899,828
307700,Mayfield,Nelson Marlborough,Marlborough District,masked,1216,1385,>950,878
307800,Whitney West,Nelson Marlborough,Marlborough District,1939,1755,2145,904,818
307900,Blenheim Central,Nelson Marlborough,Marlborough District,masked,1001,1098,>950,912
308000,Riversdale-Islington,Nelson Marlborough,Marlborough District,1652,1466,1883,877,779
308100,Whitney East,Nelson Marlborough,Marlborough District,1832,1657,2021,906,820
308200,Redwoodtown West,Nelson Marlborough,Marlborough District,1956,1753,2281,858,769
308300,Witherlea West,Nelson Marlborough,Marlborough District,2312,2169,2500,925,868
308400,Redwoodtown East,Nelson Marlborough,Marlborough District,2123,1938,2360,900,821
308500,Riverlands,Nelson Marlborough,Marlborough District,masked,masked,435,>950,>950
308600,Witherlea East,Nelson Marlborough,Marlborough District,2167,1987,2345,924,847
308800,Kaikoura Ranges,Canterbury,Kaikoura District,1224,1071,1427,858,751
308900,Kaikoura,Canterbury,Kaikoura District,1707,1546,1993,856,776
309000,Karamea,West Coast,Buller District,505,417,690,732,604
309100,Inlets Buller District,West Coast,Buller District,5 or less,5 or less,masked,667,667
309200,Westport North,West Coast,Buller District,1426,1236,1672,853,739
309300,Westport Rural,West Coast,Buller District,1025,917,1180,869,777
309400,Westport South,West Coast,Buller District,1867,1643,2174,859,756
309500,Buller Coalfields,West Coast,Buller District,622,550,798,779,689
309600,Charleston (Buller District),West Coast,Buller District,386,346,453,852,764
309700,Inangahua,West Coast,Buller District,479,364,660,726,552
309800,Reefton,West Coast,Buller District,685,534,872,786,612
309900,Barrytown,West Coast,Grey District,681,607,871,782,697
310000,Runanga,West Coast,Grey District,824,668,1031,799,648
310100,Cobden,West Coast,Grey District,1121,948,1359,825,698
310200,Blaketown,West Coast,Grey District,630,554,750,840,739
310300,Greymouth Central,West Coast,Grey District,859,772,957,898,807
310400,King Park,West Coast,Grey District,772,694,884,873,785
310500,Marsden,West Coast,Grey District,949,862,1039,913,830
310600,Karoro,West Coast,Grey District,854,790,925,923,854
310700,Rutherglen-Camerons,West Coast,Grey District,1102,1003,1187,928,845
310800,Greymouth Rural,West Coast,Grey District,520,449,643,809,698
310900,Dobson,West Coast,Grey District,619,515,733,844,703
311000,Nelson Creek,West Coast,Grey District,484,413,549,882,752
311100,Lake Brunner,West Coast,Grey District,452,303,593,762,511
311200,Haast,West Coast,Westland District,130,110,144,903,764
311300,Westland Glaciers-Bruce Bay,West Coast,Westland District,507,429,560,905,766
311400,Arahura-Kumara,West Coast,Westland District,971,861,1147,847,751
311500,Hokitika,West Coast,Westland District,2284,2025,2499,914,810
311700,Hokitika Rural,West Coast,Westland District,1164,1017,1331,875,764
311800,Waitaha,West Coast,Westland District,326,277,394,827,703
311900,Whataroa-Harihari,West Coast,Westland District,399,309,489,816,632
312000,Hokitika Valley-Otira,West Coast,Westland District,427,360,483,884,745
312100,Hanmer Range,Canterbury,Hurunui District,189,181,199,950,910
312200,Amuri,Canterbury,Hurunui District,1639,1402,1780,921,788
312300,Hanmer Springs,Canterbury,Hurunui District,754,708,810,931,874
312400,Upper Hurunui,Canterbury,Hurunui District,1111,998,1282,867,778
312500,Parnassus,Canterbury,Hurunui District,1011,924,1180,857,783
312600,Ashley Forest,Canterbury,Hurunui District,498,442,609,818,726
312700,Omihi,Canterbury,Hurunui District,883,768,1066,828,720
312800,Balcairn,Canterbury,Hurunui District,1718,1479,2055,836,720
312900,Amberley,Canterbury,Hurunui District,1757,1589,2027,867,784
313000,Okuku,Canterbury,Waimakariri District,502,425,604,831,704
313100,Ashley Gorge,Canterbury,Waimakariri District,818,693,1032,793,672
313200,Oxford,Canterbury,Waimakariri District,1637,1448,1931,848,750
313300,Starvation Hill-Cust,Canterbury,Waimakariri District,1671,1484,1946,859,763
313400,Loburn,Canterbury,Waimakariri District,1595,1403,1917,832,732
313500,Eyrewell,Canterbury,Waimakariri District,1330,1129,1570,847,719
313600,West Eyreton,Canterbury,Waimakariri District,1094,950,1235,886,769
313700,Ashley-Sefton,Canterbury,Waimakariri District,1604,1366,1880,853,727
313800,Fernside,Canterbury,Waimakariri District,1060,942,1195,887,788
313900,Rangiora North West,Canterbury,Waimakariri District,2147,1989,2314,928,860
314000,Kingsbury,Canterbury,Waimakariri District,2262,2034,2446,925,832
314100,Ashgrove,Canterbury,Waimakariri District,1087,936,1239,877,755
314200,Rangiora North East,Canterbury,Waimakariri District,1293,1093,1523,849,718
314300,Oxford Estate,Canterbury,Waimakariri District,964,874,1068,903,818
314400,Rangiora Central,Canterbury,Waimakariri District,34,32,47,723,681
314500,Rangiora South West,Canterbury,Waimakariri District,1732,1478,1972,878,749
314600,Lilybrook,Canterbury,Waimakariri District,2169,1862,2577,842,723
314700,Waikuku,Canterbury,Waimakariri District,1546,1314,1787,865,735
314800,Mandeville-Ohoka,Canterbury,Waimakariri District,2668,2399,2894,922,829
314900,Rangiora South East,Canterbury,Waimakariri District,1918,1692,2152,891,786
315000,Southbrook,Canterbury,Waimakariri District,545,455,642,849,709
315100,Swannanoa-Eyreton,Canterbury,Waimakariri District,734,647,831,883,779
315200,Tuahiwi,Canterbury,Waimakariri District,708,604,834,849,724
315300,Woodend,Canterbury,Waimakariri District,2254,1915,2577,875,743
315400,Pegasus,Canterbury,Waimakariri District,masked,2482,2908,>950,854
315500,Clarkville,Canterbury,Waimakariri District,1183,1026,1318,898,778
315600,Pegasus Bay,Canterbury,Waimakariri District,777,654,961,809,681
315700,Kaiapoi North West,Canterbury,Waimakariri District,1576,1330,1802,875,738
315800,Silverstream (Waimakariri District),Canterbury,Waimakariri District,890,810,962,925,842
315900,Sovereign Palms,Canterbury,Waimakariri District,2916,2582,3120,935,828
316000,Kaiapoi West,Canterbury,Waimakariri District,901,744,1058,852,703
316100,Kaiapoi Central,Canterbury,Waimakariri District,1635,1395,1846,886,756
316200,Kaiapoi South,Canterbury,Waimakariri District,1523,1317,1626,937,810
316300,Kaiapoi East,Canterbury,Waimakariri District,210,194,242,868,802
316400,McLeans Island,Canterbury,Christchurch City,150,132,182,824,725
316500,Paparua,Canterbury,Christchurch City,374,312,430,870,726
316600,Yaldhurst,Canterbury,Christchurch City,masked,1354,1607,>950,843
316700,Christchurch Airport,Canterbury,Christchurch City,133,123,142,937,866
316800,Clearwater,Canterbury,Christchurch City,masked,621,702,>950,885
316900,Belfast West,Canterbury,Christchurch City,1507,1376,1612,935,854
317000,Harewood,Canterbury,Christchurch City,masked,1111,1239,>950,897
317100,Brooklands-Spencerville,Canterbury,Christchurch City,578,497,656,881,758
317200,Styx,Canterbury,Christchurch City,805,662,937,859,707
317300,Belfast East,Canterbury,Christchurch City,2015,1765,2190,920,806
317400,Northwood,Canterbury,Christchurch City,masked,2908,3224,>950,902
317500,Russley,Canterbury,Christchurch City,882,818,948,930,863
317600,Regents Park,Canterbury,Christchurch City,masked,1382,1543,>950,896
317700,Hawthornden,Canterbury,Christchurch City,masked,1966,2245,>950,876
317800,Bishopdale North,Canterbury,Christchurch City,3416,3048,3604,948,846
317900,Casebrook,Canterbury,Christchurch City,3370,2995,3620,931,827
318000,Bishopdale West,Canterbury,Christchurch City,2158,1926,2324,929,829
318100,Templeton,Canterbury,Christchurch City,1461,1311,1555,940,843
318200,Islington,Canterbury,Christchurch City,750,657,819,916,802
318300,Burnside Park,Canterbury,Christchurch City,2562,2292,2730,938,840
318400,Marshland,Canterbury,Christchurch City,774,682,867,893,787
318500,Avonhead North,Canterbury,Christchurch City,masked,1101,1275,>950,864
318600,Redwood North,Canterbury,Christchurch City,2235,1981,2358,948,840
318700,Broomfield,Canterbury,Christchurch City,2083,1816,2287,911,794
318800,Redwood West,Canterbury,Christchurch City,1626,1399,1835,886,762
318900,Avonhead West,Canterbury,Christchurch City,1533,1431,1646,931,869
319000,Bishopdale South,Canterbury,Christchurch City,masked,1616,1879,>950,860
319100,Islington-Hornby Industrial,Canterbury,Christchurch City,279,243,306,912,794
319200,Burnside,Canterbury,Christchurch City,masked,2539,2973,>950,854
319300,Hei Hei,Canterbury,Christchurch City,2646,2299,2852,928,806
319400,Papanui North,Canterbury,Christchurch City,1529,1346,1713,893,786
319500,Avonhead East,Canterbury,Christchurch City,masked,2026,2330,>950,870
319600,Redwood East,Canterbury,Christchurch City,2583,2307,2811,919,821
319700,Avonhead South,Canterbury,Christchurch City,masked,2330,2703,>950,862
319800,Riccarton Racecourse,Canterbury,Christchurch City,masked,1116,1263,>950,884
319900,Bryndwr North,Canterbury,Christchurch City,2563,2185,2769,926,789
320000,Northlands (Christchurch City),Canterbury,Christchurch City,89,83,107,832,776
320100,Papanui West,Canterbury,Christchurch City,2436,2181,2587,942,843
320200,Ilam North,Canterbury,Christchurch City,masked,2905,3165,>950,918
320300,Hornby West,Canterbury,Christchurch City,1983,1694,2102,943,806
320400,Hornby Central,Canterbury,Christchurch City,134,115,149,899,772
320500,Northcote (Christchurch City),Canterbury,Christchurch City,2046,1776,2203,929,806
320600,Jellie Park,Canterbury,Christchurch City,masked,2382,2715,>950,877
320700,Ilam South,Canterbury,Christchurch City,masked,2320,2660,>950,872
320800,Bryndwr South,Canterbury,Christchurch City,2352,2110,2589,908,815
320900,Papanui East,Canterbury,Christchurch City,masked,1864,2104,>950,886
321000,Sockburn North,Canterbury,Christchurch City,masked,2978,3455,>950,862
321100,Hornby South,Canterbury,Christchurch City,3410,2960,3663,931,808
321200,Ilam University,Canterbury,Christchurch City,masked,2683,2940,>950,913
321300,Prestons,Canterbury,Christchurch City,masked,3129,3496,>950,895
321400,Strowan,Canterbury,Christchurch City,masked,2771,3125,>950,887
321500,Fendalton,Canterbury,Christchurch City,masked,1656,1808,>950,916
321600,Waitikiri,Canterbury,Christchurch City,masked,2001,2319,>950,863
321700,Mairehau North,Canterbury,Christchurch City,2367,2116,2595,912,815
321800,Bush Inn,Canterbury,Christchurch City,masked,2298,2598,>950,885
321900,Awatea North,Canterbury,Christchurch City,masked,1782,2111,>950,844
322000,Upper Riccarton,Canterbury,Christchurch City,1307,1086,1384,944,785
322100,Malvern,Canterbury,Christchurch City,masked,1804,2113,>950,854
322200,Rutland,Canterbury,Christchurch City,2551,2358,2732,934,863
322300,Sockburn South,Canterbury,Christchurch City,311,267,332,937,804
322400,Deans Bush,Canterbury,Christchurch City,masked,2085,2336,>950,893
322500,Wigram North,Canterbury,Christchurch City,masked,879,972,>950,904
322600,Holmwood,Canterbury,Christchurch City,masked,1896,2094,>950,905
322700,Wharenui,Canterbury,Christchurch City,masked,1945,2284,>950,852
322800,Wigram West,Canterbury,Christchurch City,1133,1022,1203,942,850
322900,Awatea South,Canterbury,Christchurch City,masked,1484,1667,>950,890
323000,Merivale,Canterbury,Christchurch City,masked,2484,2815,>950,882
323100,Mairehau South,Canterbury,Christchurch City,2768,2411,3008,920,802
323200,Mona Vale,Canterbury,Christchurch City,masked,1205,1337,>950,901
323300,Riccarton West,Canterbury,Christchurch City,masked,2270,2677,>950,848
323400,Shirley West,Canterbury,Christchurch City,3099,2627,3506,884,749
323500,Middleton,Canterbury,Christchurch City,masked,masked,174,>950,>950
323600,Wigram South,Canterbury,Christchurch City,1018,919,1078,944,853
323700,Queenspark,Canterbury,Christchurch City,2669,2333,2900,920,804
323800,St Albans North,Canterbury,Christchurch City,1772,1574,1887,939,834
323900,St Albans West,Canterbury,Christchurch City,masked,1888,2197,>950,859
324000,Travis Wetlands,Canterbury,Christchurch City,1938,1659,2055,943,807
324100,Wigram East,Canterbury,Christchurch City,masked,642,724,>950,887
324200,Riccarton Central,Canterbury,Christchurch City,masked,65,69,>950,942
324300,Oaklands West,Canterbury,Christchurch City,masked,2171,2441,>950,889
324400,Riccarton South,Canterbury,Christchurch City,masked,2504,2770,>950,904
324500,Halswell West,Canterbury,Christchurch City,masked,2943,3407,>950,864
324600,Shirley East,Canterbury,Christchurch City,2183,1940,2379,918,815
324700,Broken Run,Canterbury,Christchurch City,masked,454,498,>950,912
324800,St Albans East,Canterbury,Christchurch City,2520,2239,2687,938,833
324900,Hagley Park,Canterbury,Christchurch City,masked,70,85,>950,824
325000,Hillmorton,Canterbury,Christchurch City,masked,2015,2359,>950,854
325100,Parklands,Canterbury,Christchurch City,3079,2655,3375,912,787
325200,Riccarton East,Canterbury,Christchurch City,masked,777,913,>950,851
325300,Edgeware,Canterbury,Christchurch City,masked,2921,3513,>950,831
325400,Aidanfield,Canterbury,Christchurch City,3192,2950,3369,947,876
325500,Tower Junction,Canterbury,Christchurch City,158,159,173,913,919
325600,Burwood,Canterbury,Christchurch City,2634,2248,2870,918,783
325700,Christchurch Central-West,Canterbury,Christchurch City,1040,922,1124,925,820
325800,Christchurch Central-North,Canterbury,Christchurch City,2276,2009,2426,938,828
325900,Richmond North (Christchurch City),Canterbury,Christchurch City,1800,1523,1965,916,775
326000,Waimairi Beach,Canterbury,Christchurch City,masked,990,1162,>950,852
326100,Addington West,Canterbury,Christchurch City,masked,1693,2040,>950,830
326200,Otakaro-Avon River Corridor,Canterbury,Christchurch City,masked,81,86,>950,942
326300,Oaklands East,Canterbury,Christchurch City,2609,2259,2789,935,810
326400,Addington North,Canterbury,Christchurch City,8,6,11,727,545
326500,Dallington,Canterbury,Christchurch City,1733,1482,1943,892,763
326600,Christchurch Central,Canterbury,Christchurch City,93,80,116,802,690
326700,Hoon Hay West,Canterbury,Christchurch City,2327,1954,2603,894,751
326800,Richmond South (Christchurch City),Canterbury,Christchurch City,1695,1422,1824,929,780
326900,Spreydon West,Canterbury,Christchurch City,2387,2085,2593,921,804
327000,Christchurch Central-East,Canterbury,Christchurch City,masked,1781,2059,>950,865
327100,Christchurch Central-South,Canterbury,Christchurch City,618,548,658,939,833
327200,North Beach,Canterbury,Christchurch City,2987,2487,3423,873,727
327300,Halswell North,Canterbury,Christchurch City,masked,1734,1959,>950,885
327400,Addington East,Canterbury,Christchurch City,2307,1949,2463,937,791
327500,Avondale (Christchurch City),Canterbury,Christchurch City,1807,1542,2030,890,760
327600,Spreydon North,Canterbury,Christchurch City,2930,2548,3149,930,809
327700,Hoon Hay East,Canterbury,Christchurch City,2460,2167,2612,942,830
327800,Avonside,Canterbury,Christchurch City,1159,950,1401,827,678
327900,Linwood West,Canterbury,Christchurch City,3893,3327,4236,919,785
328000,Halswell South,Canterbury,Christchurch City,2286,2074,2413,947,860
328100,Sydenham Central,Canterbury,Christchurch City,masked,185,218,>950,849
328200,Spreydon South,Canterbury,Christchurch City,1847,1614,2005,921,805
328300,Rawhiti ,Canterbury,Christchurch City,2077,1719,2453,847,701
328400,Wainoni,Canterbury,Christchurch City,2032,1639,2372,857,691
328500,Linwood North,Canterbury,Christchurch City,2043,1677,2300,888,729
328600,Aranui,Canterbury,Christchurch City,2758,2090,3465,796,603
328700,Sydenham West,Canterbury,Christchurch City,1063,928,1194,890,777
328800,Lancaster Park,Canterbury,Christchurch City,215,172,227,947,758
328900,Phillipstown,Canterbury,Christchurch City,3007,2406,3277,918,734
329000,Kennedys Bush,Canterbury,Christchurch City,1019,925,1116,913,829
329100,Somerfield East,Canterbury,Christchurch City,2935,2623,3110,944,843
329200,Somerfield West,Canterbury,Christchurch City,2481,2254,2640,940,854
329300,Linwood East,Canterbury,Christchurch City,1538,1280,1742,883,735
329400,Sydenham North,Canterbury,Christchurch City,1569,1304,1675,937,779
329500,Hoon Hay South,Canterbury,Christchurch City,1726,1542,1830,943,843
329600,Charleston (Christchurch City),Canterbury,Christchurch City,1126,921,1252,899,736
329700,Sydenham South,Canterbury,Christchurch City,2176,1921,2301,946,835
329800,Bexley,Canterbury,Christchurch City,1844,1485,2136,863,695
329900,Waltham,Canterbury,Christchurch City,1483,1254,1675,885,749
330000,Westmorland,Canterbury,Christchurch City,masked,1920,2143,>950,896
330100,Woolston North,Canterbury,Christchurch City,2464,1993,2784,885,716
330200,New Brighton,Canterbury,Christchurch City,2380,1990,2753,865,723
330300,Cashmere West,Canterbury,Christchurch City,masked,2497,2775,>950,900
330400,Bromley South,Canterbury,Christchurch City,2154,1807,2423,889,746
330500,Ensors,Canterbury,Christchurch City,1713,1413,1966,871,719
330600,Beckenham,Canterbury,Christchurch City,masked,1791,2001,>950,895
330700,Bromley North,Canterbury,Christchurch City,45,38,53,849,717
330800,St Martins,Canterbury,Christchurch City,2128,1883,2334,912,807
330900,Opawa,Canterbury,Christchurch City,1149,1030,1252,918,823
331000,Woolston West,Canterbury,Christchurch City,838,691,988,848,699
331100,Woolston East,Canterbury,Christchurch City,2476,2106,2750,900,766
331200,Huntsbury,Canterbury,Christchurch City,masked,1961,2228,>950,880
331300,Cashmere East,Canterbury,Christchurch City,masked,2680,3047,>950,880
331400,Hillsborough (Christchurch City),Canterbury,Christchurch City,1955,1757,2129,918,825
331500,Woolston South,Canterbury,Christchurch City,386,343,443,871,774
331600,Port Hills,Canterbury,Christchurch City,69,61,78,885,782
331700,South New Brighton,Canterbury,Christchurch City,2426,2078,2759,879,753
331800,Brookhaven-Ferrymead,Canterbury,Christchurch City,862,759,938,919,809
331900,Heathcote Valley,Canterbury,Christchurch City,1954,1734,2090,935,830
332000,Mount Pleasant,Canterbury,Christchurch City,3215,2953,3481,924,848
332100,Redcliffs,Canterbury,Christchurch City,1832,1705,1949,940,875
332200,Governors Bay,Canterbury,Christchurch City,719,656,779,923,842
332400,Clifton Hill,Canterbury,Christchurch City,1498,1370,1632,918,839
332500,Lyttelton,Canterbury,Christchurch City,2546,2294,2727,934,841
332700,Sumner,Canterbury,Christchurch City,2974,2713,3195,931,849
332800,Teddington,Canterbury,Christchurch City,163,151,196,832,770
332900,Diamond Harbour,Canterbury,Christchurch City,1192,1088,1297,919,839
333100,Banks Peninsula South,Canterbury,Christchurch City,941,808,1063,885,760
333200,Eastern Bays-Banks Peninsula,Canterbury,Christchurch City,466,433,500,932,866
333300,Akaroa Harbour,Canterbury,Christchurch City,584,546,654,893,835
333500,Akaroa,Canterbury,Christchurch City,538,505,601,895,840
333600,Craigieburn,Canterbury,Selwyn District,100,82,112,893,732
333700,Torlesse,Canterbury,Selwyn District,866,719,981,883,733
333800,Glenroy-Hororata,Canterbury,Selwyn District,805,675,885,910,763
333900,Glentunnel,Canterbury,Selwyn District,923,790,1031,895,766
334000,Darfield,Canterbury,Selwyn District,2214,1967,2417,916,814
334100,Kirwee,Canterbury,Selwyn District,996,880,1083,920,813
334200,Bankside,Canterbury,Selwyn District,masked,1004,1262,>950,796
334300,Charing Cross,Canterbury,Selwyn District,681,594,744,915,798
334400,Halkett,Canterbury,Selwyn District,1382,1261,1486,930,849
334500,Newtons Road,Canterbury,Selwyn District,2563,2284,2813,911,812
334600,West Melton,Canterbury,Selwyn District,masked,1760,1914,>950,920
334700,Burnham Camp,Canterbury,Selwyn District,masked,masked,481,>950,>950
334800,Rolleston Izone,Canterbury,Selwyn District,31,24,38,816,632
334900,Rolleston North West,Canterbury,Selwyn District,2949,2602,3103,950,839
335000,Springston,Canterbury,Selwyn District,1757,1549,1904,923,814
335100,Rolleston Central,Canterbury,Selwyn District,2577,2267,2761,933,821
335200,Rolleston North East,Canterbury,Selwyn District,masked,3255,3863,>950,843
335300,Rolleston South West,Canterbury,Selwyn District,masked,2490,2944,>950,846
335400,Southbridge,Canterbury,Selwyn District,1801,1529,1997,902,766
335500,Rolleston South East,Canterbury,Selwyn District,masked,4869,5709,>950,853
335600,Trents,Canterbury,Selwyn District,1509,1376,1668,905,825
335700,Prebbleton,Canterbury,Selwyn District,masked,3601,4010,>950,898
335800,Irwell,Canterbury,Selwyn District,966,813,1094,883,743
335900,Ladbrooks,Canterbury,Selwyn District,1540,1401,1622,949,864
336000,Lincoln West,Canterbury,Selwyn District,masked,2732,3095,>950,883
336100,Lincoln East,Canterbury,Selwyn District,masked,3783,4151,>950,911
336200,Leeston,Canterbury,Selwyn District,1682,1467,1811,929,810
336300,Tai Tapu,Canterbury,Selwyn District,masked,933,1040,>950,897
336400,Motukarara,Canterbury,Selwyn District,470,419,552,851,759
336600,Ashburton Lakes,Canterbury,Ashburton District,50,48,64,781,750
336700,Cairnbrae,Canterbury,Ashburton District,masked,967,1110,>950,871
336800,Ashburton Forks,Canterbury,Ashburton District,1507,1306,1662,907,786
336900,Methven,Canterbury,Ashburton District,1365,1248,1479,923,844
337000,Ealing-Lowcliffe,Canterbury,Ashburton District,1029,867,1097,938,790
337100,Eiffelton,Canterbury,Ashburton District,1835,1615,1993,921,810
337200,Chertsey,Canterbury,Ashburton District,1208,1038,1296,932,801
337300,Winchmore-Wakanui,Canterbury,Ashburton District,1097,935,1204,911,777
337400,Allenton North,Canterbury,Ashburton District,2164,1961,2341,924,838
337500,Allenton South,Canterbury,Ashburton District,1636,1402,1751,934,801
337600,Rakaia,Canterbury,Ashburton District,1085,933,1215,893,768
337700,Ashburton North,Canterbury,Ashburton District,862,755,920,937,821
337800,Allenton East,Canterbury,Ashburton District,1739,1554,1885,923,824
337900,Tinwald North,Canterbury,Ashburton District,1031,889,1122,919,792
338000,Ashburton Central,Canterbury,Ashburton District,masked,108,135,>950,800
338100,Ashburton West,Canterbury,Ashburton District,747,673,806,927,835
338200,Tinwald South,Canterbury,Ashburton District,1789,1540,1972,907,781
338300,Ashburton East,Canterbury,Ashburton District,1265,1112,1419,891,784
338400,Netherby,Canterbury,Ashburton District,1633,1402,1830,892,766
338500,Hampstead,Canterbury,Ashburton District,2146,1757,2438,880,721
338600,Ben McLeod,South Canterbury,Timaru District,101,92,122,828,754
338700,Arundel,South Canterbury,Timaru District,1051,967,1160,906,834
338800,Levels Valley,South Canterbury,Timaru District,815,740,941,866,786
338900,Geraldine,South Canterbury,Timaru District,2172,2022,2445,888,827
339000,Rangitata,South Canterbury,Timaru District,1474,1334,1664,886,802
339100,Waitohi (Timaru District),South Canterbury,Timaru District,1243,1105,1457,853,758
339200,Pleasant Point,South Canterbury,Timaru District,1118,1000,1242,900,805
339300,Temuka West,South Canterbury,Timaru District,1729,1573,1977,875,796
339400,Hadlow,South Canterbury,Timaru District,1178,1079,1296,909,833
339500,Levels,South Canterbury,Timaru District,1027,930,1132,907,822
339600,Temuka East,South Canterbury,Timaru District,1783,1593,2036,876,782
339700,Gleniti North,South Canterbury,Timaru District,1304,1217,1380,945,882
339800,Washdyke,South Canterbury,Timaru District,877,792,975,899,812
339900,Fairview,South Canterbury,Timaru District,1222,1115,1436,851,776
340000,Gleniti South,South Canterbury,Timaru District,2158,2015,2308,935,873
340100,Glenwood,South Canterbury,Timaru District,1428,1270,1588,899,800
340200,Marchwiel West,South Canterbury,Timaru District,1142,1021,1275,896,801
340300,Marchwiel East,South Canterbury,Timaru District,1455,1289,1719,846,750
340400,Highfield North,South Canterbury,Timaru District,1949,1818,2177,895,835
340500,Highfield South,South Canterbury,Timaru District,973,870,1064,914,818
340600,Waimataitai-Maori Hill,South Canterbury,Timaru District,1647,1512,1857,887,814
340700,Fraser Park,South Canterbury,Timaru District,2150,1959,2368,908,827
340800,Seaview,South Canterbury,Timaru District,1590,1403,1808,879,776
341000,Watlington,South Canterbury,Timaru District,1645,1443,1890,870,763
341100,Timaru Central,South Canterbury,Timaru District,295,245,341,865,718
341200,Timaru East,South Canterbury,Timaru District,masked,masked,257,>950,>950
341300,Parkside,South Canterbury,Timaru District,1816,1624,2094,867,776
341400,Kensington (Timaru District),South Canterbury,Timaru District,1094,964,1276,857,755
341500,Mackenzie Lakes,South Canterbury,Mackenzie District,758,658,858,883,767
341800,Twizel,South Canterbury,Mackenzie District,1127,1001,1269,888,789
341900,Opua (Mackenzie District),South Canterbury,Mackenzie District,1022,851,1170,874,727
342000,Fairlie,South Canterbury,Mackenzie District,709,618,784,904,788
342100,Hakataramea,South Canterbury,Waimate District,615,537,712,864,754
342200,Maungati,South Canterbury,Waimate District,516,426,570,905,747
342300,Lyalldale,South Canterbury,Waimate District,482,416,583,827,714
342400,Makikihi-Willowbridge,South Canterbury,Waimate District,786,695,896,877,776
342500,Waimate North,South Canterbury,Waimate District,456,404,534,854,757
342600,Morven-Glenavy-Ikawai,South Canterbury,Waimate District,830,739,907,915,815
342700,Waimate West,South Canterbury,Waimate District,1046,944,1223,855,772
342800,Waimate East,South Canterbury,Waimate District,1345,1214,1546,870,785
343000,Chatham Islands,Canterbury,Chatham Islands Territory,masked,masked,217,>950,>950
343100,Aviemore,Southern,Waitaki District,534,460,632,845,728
343300,Danseys Pass,Southern,Waitaki District,701,591,797,880,742
343400,Ngapara,Southern,Waitaki District,1107,969,1276,868,759
343500,Lower Waitaki,Southern,Waitaki District,1049,935,1188,883,787
343600,Waihemo,Southern,Waitaki District,990,877,1181,838,743
343700,Maheno,Southern,Waitaki District,1469,1290,1727,851,747
343800,Weston,Southern,Waitaki District,909,847,1032,881,821
343900,Oamaru North Milner Park,Southern,Waitaki District,1952,1782,2200,887,810
344000,Oamaru North Orana Park,Southern,Waitaki District,2181,1929,2430,898,794
344100,Oamaru Gardens,Southern,Waitaki District,935,866,1035,903,837
344200,Glen Warren,Southern,Waitaki District,1322,1183,1548,854,764
344300,Holmes Hill,Southern,Waitaki District,1083,993,1180,918,842
344400,Oamaru Central,Southern,Waitaki District,280,267,316,886,845
344500,South Hill,Southern,Waitaki District,1722,1558,1915,899,814
344700,Palmerston,Southern,Waitaki District,691,590,862,802,684
344800,Lindis-Nevis Valleys,Southern,Central Otago District,2192,2011,2427,903,829
344900,Cromwell West,Southern,Central Otago District,2855,2571,3017,946,852
345000,Cromwell East,Southern,Central Otago District,2170,1978,2353,922,841
345100,Manuherikia-Ida Valleys,Southern,Central Otago District,855,786,975,877,806
345200,Earnscleugh,Southern,Central Otago District,masked,563,601,>950,937
345300,Dunstan-Galloway,Southern,Central Otago District,1428,1336,1565,912,854
345400,Clyde,Southern,Central Otago District,973,936,1053,924,889
345500,Alexandra North,Southern,Central Otago District,2348,2135,2522,931,847
345600,Alexandra South,Southern,Central Otago District,2109,1961,2293,920,855
345700,Maniototo,Southern,Central Otago District,1352,1229,1431,945,859
345800,Teviot Valley,Southern,Central Otago District,1270,1155,1473,862,784
345900,Outer Wanaka,Southern,Queenstown-Lakes District,275,250,332,828,753
346000,Glenorchy,Southern,Queenstown-Lakes District,325,298,345,942,864
346200,Outer Wakatipu,Southern,Queenstown-Lakes District,711,664,767,927,866
346400,Cardrona,Southern,Queenstown-Lakes District,565,505,626,903,807
346600,Wanaka Waterfront,Southern,Queenstown-Lakes District,masked,1649,1882,>950,876
346700,Wanaka North,Southern,Queenstown-Lakes District,masked,2332,2716,>950,859
346800,Wanaka West,Southern,Queenstown-Lakes District,1555,1446,1737,895,832
346900,Albert Town,Southern,Queenstown-Lakes District,1704,1539,1868,912,824
347000,Wanaka Central,Southern,Queenstown-Lakes District,masked,1106,1253,>950,883
347100,Lake Hawea,Southern,Queenstown-Lakes District,1118,996,1304,857,764
347200,Upper Clutha Valley,Southern,Queenstown-Lakes District,951,838,1147,829,731
347300,Kingston,Southern,Queenstown-Lakes District,225,210,274,821,766
347400,Arthurs Point,Southern,Queenstown-Lakes District,1053,961,1114,945,863
347500,Wakatipu Basin,Southern,Queenstown-Lakes District,1389,1309,1513,918,865
347600,Queenstown Hill,Southern,Queenstown-Lakes District,masked,5 or less,masked,778,444
347700,Warren Park,Southern,Queenstown-Lakes District,masked,masked,1083,>950,>950
347800,Sunshine Bay-Fernhill,Southern,Queenstown-Lakes District,masked,1990,2256,>950,882
347900,Arrowtown,Southern,Queenstown-Lakes District,masked,2021,2259,>950,895
348000,Quail Rise,Southern,Queenstown-Lakes District,638,601,675,945,890
348100,Queenstown Central,Southern,Queenstown-Lakes District,masked,masked,731,>950,>950
348200,Queenstown East,Southern,Queenstown-Lakes District,masked,1080,1154,>950,936
348300,Frankton Arm,Southern,Queenstown-Lakes District,masked,1518,1724,>950,881
348400,Frankton,Southern,Queenstown-Lakes District,masked,2427,2562,>950,947
348500,Lake Hayes,Southern,Queenstown-Lakes District,masked,317,350,>950,906
348600,Kelvin Heights,Southern,Queenstown-Lakes District,973,898,1076,904,835
348700,Shotover Country,Southern,Queenstown-Lakes District,masked,2372,2631,>950,902
348800,Lake Hayes Estate,Southern,Queenstown-Lakes District,1814,1659,1921,944,864
348900,Jacks Point,Southern,Queenstown-Lakes District,masked,1455,1628,>950,894
349000,Strath Taieri,Southern,Dunedin City,462,408,531,870,768
349100,Bucklands Crossing,Southern,Dunedin City,1228,1126,1360,903,828
349200,Waikouaiti,Southern,Dunedin City,991,884,1126,880,785
349300,Momona,Southern,Dunedin City,1860,1664,2048,908,812
349400,Taieri,Southern,Dunedin City,1271,1182,1347,944,878
349600,Mount Cargill,Southern,Dunedin City,1563,1452,1743,897,833
349700,Bush Road,Southern,Dunedin City,1961,1801,2090,938,862
349800,Mosgiel East,Southern,Dunedin City,2521,2371,2660,948,891
349900,Mosgiel Central,Southern,Dunedin City,2244,2089,2426,925,861
350000,Seddon Park,Southern,Dunedin City,2323,2133,2499,930,854
350100,Wingatui,Southern,Dunedin City,739,688,796,928,864
350200,Saddle Hill-Chain Hills,Southern,Dunedin City,1066,994,1147,929,867
350300,East Taieri,Southern,Dunedin City,masked,1800,2025,>950,889
350400,Halfway Bush,Southern,Dunedin City,1466,1326,1556,942,852
350500,Helensburgh,Southern,Dunedin City,masked,929,1036,>950,897
350600,Glenleith,Southern,Dunedin City,masked,989,1082,>950,914
350700,Fairfield (Dunedin City),Southern,Dunedin City,masked,1984,2228,>950,890
350900,Brockville,Southern,Dunedin City,1787,1579,1978,903,798
351000,Wakari,Southern,Dunedin City,3239,2987,3440,942,868
351100,Abbotsford,Southern,Dunedin City,masked,2095,2409,>950,870
351200,Brighton,Southern,Dunedin City,1143,1010,1287,888,785
351300,Pine Hill-Dalmore,Southern,Dunedin City,1828,1672,1972,927,848
351400,Kaikorai-Bradford,Southern,Dunedin City,934,868,989,944,878
351500,Maori Hill,Southern,Dunedin City,masked,2037,2182,>950,934
351600,Roslyn (Dunedin City),Southern,Dunedin City,2603,2456,2788,934,881
351700,North East Valley Chingford,Southern,Dunedin City,1292,1197,1399,924,856
351800,Roseneath-Sawyers Bay,Southern,Dunedin City,1194,1092,1304,916,837
351900,Normanby ,Southern,Dunedin City,1124,1044,1280,878,816
352000,North East Valley Knox,Southern,Dunedin City,masked,1991,2208,>950,902
352100,Belleknowes,Southern,Dunedin City,masked,1793,1974,>950,908
352200,Gardens (Dunedin City),Southern,Dunedin City,masked,2902,3100,>950,936
352300,Kenmure,Southern,Dunedin City,1569,1459,1676,936,871
352400,Campus West,Southern,Dunedin City,masked,masked,1505,>950,>950
352500,Waldronville,Southern,Dunedin City,masked,1018,1136,>950,896
352600,Green Island,Southern,Dunedin City,1829,1653,1988,920,831
352700,Port Chalmers,Southern,Dunedin City,1111,1027,1207,920,851
352800,Royal Terrace,Southern,Dunedin City,masked,masked,1462,>950,>950
352900,Arthur Street,Southern,Dunedin City,masked,1172,1349,>950,869
353000,Opoho,Southern,Dunedin City,masked,972,1041,>950,934
353100,Campus North,Southern,Dunedin City,masked,masked,2336,>950,>950
353200,Campus South,Southern,Dunedin City,masked,masked,1756,>950,>950
353300,Mornington,Southern,Dunedin City,2271,2050,2486,914,825
353400,Dunedin Central,Southern,Dunedin City,masked,1691,1870,>950,904
353500,Maryhill,Southern,Dunedin City,1770,1641,1911,926,859
353600,Ravensbourne-St Leonards,Southern,Dunedin City,1599,1472,1723,928,854
353700,Harbourside,Southern,Dunedin City,40,39,48,833,812
353800,Fernhill,Southern,Dunedin City,1454,1317,1540,944,855
353900,Otago Peninsula,Southern,Dunedin City,691,636,763,906,834
354000,Concord,Southern,Dunedin City,1170,1045,1271,921,822
354100,Calton Hill,Southern,Dunedin City,1042,911,1224,851,744
354200,Caversham,Southern,Dunedin City,1913,1739,2162,885,804
354300,Hillside-Portsmouth Drive,Southern,Dunedin City,93,81,101,921,802
354400,Kew (Dunedin City),Southern,Dunedin City,1403,1305,1496,938,872
354500,Corstorphine,Southern,Dunedin City,1467,1298,1661,883,781
354600,Forbury,Southern,Dunedin City,1052,955,1160,907,823
354700,Bathgate Park,Southern,Dunedin City,1953,1788,2199,888,813
354800,St Clair,Southern,Dunedin City,masked,1952,2122,>950,920
354900,Waverley ,Southern,Dunedin City,masked,2120,2337,>950,907
355000,Macandrew Bay-Company Bay,Southern,Dunedin City,masked,1283,1409,>950,911
355100,Broad Bay-Portobello,Southern,Dunedin City,963,892,1031,934,865
355200,St Kilda South,Southern,Dunedin City,2318,2078,2440,950,852
355300,Musselburgh,Southern,Dunedin City,masked,1168,1312,>950,890
355400,Shiel Hill,Southern,Dunedin City,masked,1362,1469,>950,927
355500,St Kilda North,Southern,Dunedin City,2112,1940,2259,935,859
355600,Andersons Bay,Southern,Dunedin City,1934,1807,2051,943,881
355700,Tainui,Southern,Dunedin City,1586,1449,1691,938,857
355800,West Otago,Southern,Clutha District,1616,1396,1850,874,755
355900,Tuapeka,Southern,Clutha District,902,838,1023,882,819
356000,Clinton,Southern,Clutha District,807,658,964,837,683
356100,Clutha Valley,Southern,Clutha District,1111,924,1215,914,760
356200,Bruce,Southern,Clutha District,1578,1346,1824,865,738
356300,Catlins,Southern,Clutha District,987,882,1135,870,777
356400,Milton,Southern,Clutha District,1532,1312,1799,852,729
356500,Balclutha South,Southern,Clutha District,2062,1829,2274,907,804
356600,Balclutha North,Southern,Clutha District,1319,1154,1485,888,777
356700,Benhar-Stirling,Southern,Clutha District,347,301,394,881,764
356800,Kaitangata-Matau,Southern,Clutha District,846,685,967,875,708
357000,Fiordland,Southern,Southland District,36,29,44,818,659
357300,Mararoa,Southern,Southland District,596,509,683,873,745
357500,Te Anau,Southern,Southland District,1800,1631,1977,910,825
357600,Whitestone,Southern,Southland District,474,445,539,879,826
357700,Mossburn,Southern,Southland District,824,698,921,895,758
357900,Longwood Forest,Southern,Southland District,1321,1153,1620,815,712
358000,Ohai-Nightcaps,Southern,Southland District,966,812,1235,782,657
358100,Riversdale-Piano Flat,Southern,Southland District,922,779,1064,867,732
358200,Lumsden-Balfour,Southern,Southland District,888,777,1021,870,761
358300,Oreti River,Southern,Southland District,1554,1337,1748,889,765
358400,Otautau,Southern,Southland District,1864,1559,2235,834,698
358500,Hedgehope,Southern,Southland District,766,640,877,873,730
358600,Winton,Southern,Southland District,1761,1530,1974,892,775
358700,Waianiwa,Southern,Southland District,828,697,929,891,750
358800,Riverton,Southern,Southland District,1155,1025,1429,808,717
358900,Wallacetown,Southern,Southland District,833,742,963,865,771
359000,Grove Bush,Southern,Southland District,880,791,951,925,832
359100,Edendale-Woodlands,Southern,Southland District,1478,1229,1772,834,694
359300,Stewart Island,Southern,Southland District,271,249,307,883,811
359400,Awarua Plains,Southern,Southland District,623,531,684,911,776
359500,Wyndham-Catlins,Southern,Southland District,1544,1316,1822,847,722
359600,Waikaka,Southern,Gore District,1083,947,1236,876,766
359700,Waimumu-Kaiwera,Southern,Gore District,946,824,1118,846,737
359800,Gore North,Southern,Gore District,1351,1212,1515,892,800
359900,Gore West,Southern,Gore District,2147,1949,2393,897,814
360000,East Gore,Southern,Gore District,1036,873,1262,821,692
360100,Gore Central,Southern,Gore District,159,143,187,850,765
360200,Gore Main,Southern,Gore District,1000,916,1165,858,786
360300,Gore South,Southern,Gore District,427,369,514,831,718
360400,Mataura,Southern,Gore District,1149,953,1347,853,707
360500,West Plains-Makarewa,Southern,Invercargill City,1221,1078,1428,855,755
360600,Prestonville-Grasmere,Southern,Invercargill City,2779,2438,3181,874,766
360700,Donovan Park,Southern,Invercargill City,2046,1912,2230,917,857
360800,Myross Bush,Southern,Invercargill City,936,857,999,937,858
360900,Otatara,Southern,Invercargill City,2563,2311,2764,927,836
361000,Invercargill Central,Southern,Invercargill City,931,808,1004,927,805
361100,Gladstone (Invercargill City),Southern,Invercargill City,masked,1785,2036,>950,877
361200,Rosedale,Southern,Invercargill City,masked,1453,1620,>950,897
361300,Avenal,Southern,Invercargill City,905,797,966,937,825
361400,Hargest,Southern,Invercargill City,1572,1430,1659,948,862
361500,Windsor ,Southern,Invercargill City,2482,2256,2653,936,850
361600,Richmond (Invercargill City),Southern,Invercargill City,2550,2293,2810,907,816
361700,Glengarry,Southern,Invercargill City,1852,1590,2148,862,740
361900,Turnbull Thompson Park,Southern,Invercargill City,1294,1133,1471,880,770
362000,Crinan,Southern,Invercargill City,1218,1004,1340,909,749
362100,Georgetown,Southern,Invercargill City,1428,1225,1731,825,708
362200,Kew (Invercargill City),Southern,Invercargill City,1344,1153,1614,833,714
362300,Kennington-Tisbury,Southern,Invercargill City,1191,1043,1320,902,790
362400,Newfield,Southern,Invercargill City,2108,1844,2462,856,749
362500,Strathern,Southern,Invercargill City,1563,1346,1858,841,724
362600,Elizabeth Park,Southern,Invercargill City,878,753,1092,804,690
362700,Aurora,Southern,Invercargill City,918,777,1071,857,725
362800,Moulson,Southern,Invercargill City,888,760,1041,853,730
362900,Kingswell,Southern,Invercargill City,1585,1395,1823,869,765
363000,Clifton,Southern,Invercargill City,1045,854,1276,819,669
363100,Woodend-Greenhills ,Southern,Invercargill City,415,347,517,803,671
363300,Bluff,Southern,Invercargill City,1338,1212,1617,827,750
363700,Oceanic Southland Region,Area outside District Health Board,Area Outside Territorial Authority,5 or less,5 or less,masked,<50,<50
Unknown,Unknown,NA,NA,105666,93364,117864,897,792